10.000000 -2.000000 -0.100000
20
-6.662000 1.804300e-010 3.950000e-005 -15.338000
-6.632000 1.804200e-010 3.950000e-005 -15.268000
-6.601000 1.804300e-010 3.950000e-005 -15.199000
-6.570000 1.804200e-010 3.950000e-005 -15.130000
-6.539000 1.804200e-010 3.950000e-005 -15.061000
-6.509000 1.804200e-010 3.950000e-005 -14.991000
-6.478000 1.804200e-010 3.950000e-005 -14.922000
-6.448000 1.804100e-010 3.950000e-005 -14.852000
-6.417000 1.804200e-010 3.950000e-005 -14.783000
-6.387000 1.804100e-010 3.950000e-005 -14.713000
-6.356000 1.804100e-010 3.950000e-005 -14.644000
-6.326000 1.804000e-010 3.950000e-005 -14.574000
-6.294000 1.804000e-010 3.950000e-005 -14.506000
-6.264000 1.804000e-010 3.950000e-005 -14.436000
-6.233000 1.803900e-010 3.950000e-005 -14.367000
-6.203000 1.803800e-010 3.950000e-005 -14.297000
-6.172000 1.803900e-010 3.950000e-005 -14.228000
-6.142000 1.803900e-010 3.950000e-005 -14.158000
-6.111000 1.803800e-010 3.950000e-005 -14.089000
-6.081000 1.803800e-010 3.950000e-005 -14.019000
8.100000e-007
2.647000e-010 3.333333
5.573000e-010
6.069514e-010
7.223380e-013
-3.219409e-012
120
2.820100 1.314900e-010 2.190000e-005 7.179900 0.644261 0.769791
2.796100 1.314600e-010 2.190000e-005 7.103900 0.644068 0.776231
2.770200 1.320800e-010 2.210000e-005 7.029800 0.648073 0.780800
2.741900 1.324600e-010 2.220000e-005 6.958100 0.650531 0.783004
2.712400 1.325600e-010 2.220000e-005 6.887600 0.651178 0.784027
2.682600 1.327600e-010 2.230000e-005 6.817400 0.652477 0.784754
2.652900 1.328500e-010 2.230000e-005 6.747100 0.653059 0.785579
2.622800 1.328900e-010 2.240000e-005 6.677200 0.653324 0.786011
2.593100 1.329300e-010 2.240000e-005 6.606900 0.653583 0.786836
2.562300 1.329700e-010 2.240000e-005 6.537700 0.653842 0.786578
2.532200 1.329800e-010 2.240000e-005 6.467800 0.653907 0.787010
2.501700 1.331500e-010 2.250000e-005 6.398300 0.655014 0.787047
2.471500 1.331900e-010 2.250000e-005 6.328500 0.655273 0.787380
2.440700 1.330100e-010 2.240000e-005 6.259300 0.654101 0.787122
2.409900 1.329900e-010 2.240000e-005 6.190100 0.653971 0.786864
2.379600 1.329900e-010 2.250000e-005 6.120400 0.653977 0.787098
2.349800 1.331900e-010 2.250000e-005 6.050200 0.655273 0.787825
2.318800 1.330300e-010 2.250000e-005 5.981200 0.654236 0.787370
2.288300 1.328700e-010 2.240000e-005 5.911700 0.653194 0.787408
2.258100 1.329700e-010 2.240000e-005 5.841900 0.653842 0.787741
2.227800 1.330000e-010 2.240000e-005 5.772200 0.654036 0.787975
2.197800 1.331800e-010 2.250000e-005 5.702200 0.655208 0.788505
2.167900 1.332100e-010 2.250000e-005 5.632100 0.655403 0.789133
2.137300 1.330500e-010 2.250000e-005 5.562700 0.654366 0.789072
2.107000 1.330500e-010 2.250000e-005 5.493000 0.654366 0.789307
2.076400 1.332300e-010 2.250000e-005 5.423600 0.655532 0.789246
2.046100 1.330700e-010 2.240000e-005 5.353900 0.654490 0.789480
2.015800 1.330500e-010 2.250000e-005 5.284200 0.654366 0.789715
1.985500 1.330700e-010 2.240000e-005 5.214500 0.654490 0.789949
1.955500 1.330900e-010 2.250000e-005 5.144500 0.654625 0.790479
1.924400 1.330900e-010 2.250000e-005 5.075600 0.654625 0.789925
1.894000 1.330700e-010 2.250000e-005 5.006000 0.654495 0.790061
1.864200 1.332100e-010 2.260000e-005 4.935800 0.655408 0.790788
1.833200 1.329500e-010 2.240000e-005 4.866800 0.653712 0.790333
1.803000 1.330700e-010 2.250000e-005 4.797000 0.654495 0.790666
1.772900 1.330600e-010 2.260000e-005 4.727100 0.654436 0.791098
1.743400 1.330900e-010 2.250000e-005 4.656600 0.654625 0.792120
1.712800 1.331200e-010 2.250000e-005 4.587200 0.654819 0.792059
1.683100 1.333200e-010 2.260000e-005 4.516900 0.656122 0.792885
1.652900 1.333600e-010 2.260000e-005 4.447100 0.656381 0.793217
1.622800 1.331900e-010 2.250000e-005 4.377200 0.655273 0.793649
1.592200 1.331900e-010 2.250000e-005 4.307800 0.655273 0.793588
1.562300 1.333900e-010 2.260000e-005 4.237700 0.656576 0.794216
1.531500 1.332300e-010 2.260000e-005 4.168500 0.655538 0.793958
1.501300 1.332300e-010 2.260000e-005 4.098700 0.655538 0.794291
1.471300 1.332200e-010 2.250000e-005 4.028700 0.655468 0.794821
1.441500 1.334300e-010 2.270000e-005 3.958500 0.656841 0.795548
1.411100 1.332900e-010 2.260000e-005 3.888900 0.655927 0.795684
1.380900 1.332900e-010 2.260000e-005 3.819100 0.655927 0.796017
1.351000 1.334700e-010 2.270000e-005 3.749000 0.657101 0.796645
1.320900 1.333700e-010 2.260000e-005 3.679100 0.656446 0.797077
1.290800 1.333500e-010 2.260000e-005 3.609200 0.656317 0.797508
1.261700 1.334000e-010 2.270000e-005 3.538300 0.656647 0.798925
1.231300 1.334500e-010 2.270000e-005 3.468700 0.656971 0.799061
1.201400 1.334700e-010 2.270000e-005 3.398600 0.657101 0.799689
1.171500 1.335000e-010 2.270000e-005 3.328500 0.657296 0.800318
1.141800 1.335700e-010 2.270000e-005 3.258200 0.657750 0.801143
1.112200 1.336200e-010 2.280000e-005 3.187800 0.658081 0.802067
1.083100 1.336600e-010 2.280000e-005 3.116900 0.658341 0.803484
1.053600 1.337600e-010 2.280000e-005 3.046400 0.658991 0.804506
1.024500 1.338600e-010 2.280000e-005 2.975500 0.659641 0.805923
0.995600 1.339800e-010 2.290000e-005 2.904400 0.660427 0.807536
0.967100 1.341000e-010 2.290000e-005 2.832900 0.661209 0.809544
0.938600 1.342900e-010 2.300000e-005 2.761400 0.662452 0.811551
0.911200 1.344900e-010 2.310000e-005 2.688800 0.663762 0.814643
0.884500 1.347700e-010 2.320000e-005 2.615500 0.665595 0.818423
0.859100 1.351800e-010 2.330000e-005 2.540900 0.668282 0.823485
0.834700 1.356500e-010 2.340000e-005 2.465300 0.671368 0.829531
0.811200 1.363100e-010 2.360000e-005 2.388800 0.675715 0.836464
0.787500 1.370100e-010 2.390000e-005 2.312500 0.680347 0.843200
0.763900 1.377500e-010 2.410000e-005 2.236100 0.685253 0.850034
0.740500 1.385200e-010 2.440000e-005 2.159500 0.690382 0.857065
0.716700 1.392900e-010 2.470000e-005 2.083300 0.695530 0.863703
0.692900 1.400800e-010 2.510000e-005 2.007100 0.700837 0.870340
0.669100 1.408700e-010 2.520000e-005 1.930900 0.706146 0.876977
0.645100 1.416600e-010 2.550000e-005 1.854900 0.711487 0.883418
0.621100 1.424700e-010 2.590000e-005 1.778900 0.716991 0.889858
0.596800 1.432800e-010 2.620000e-005 1.703200 0.722510 0.896003
0.572300 1.441100e-010 2.650000e-005 1.627700 0.728188 0.901951
0.547800 1.449500e-010 2.670000e-005 1.552200 0.733951 0.907899
0.523200 1.457900e-010 2.700000e-005 1.476800 0.739743 0.913748
0.497900 1.466400e-010 2.740000e-005 1.402100 0.745636 0.918908
0.472900 1.475200e-010 2.770000e-005 1.327100 0.751754 0.924363
0.447900 1.483900e-010 2.810000e-005 1.252100 0.757837 0.929818
0.422600 1.492700e-010 2.830000e-005 1.177400 0.764001 0.934978
0.397200 1.501600e-010 2.870000e-005 1.102800 0.770277 0.940039
0.371600 1.510700e-010 2.900000e-005 1.028400 0.776714 0.944903
0.345900 1.519900e-010 2.940000e-005 0.954100 0.783259 0.949669
0.320000 1.529200e-010 2.980000e-005 0.880000 0.789905 0.954238
0.293900 1.538700e-010 3.010000e-005 0.806100 0.796718 0.958610
0.267700 1.548200e-010 3.050000e-005 0.732300 0.803570 0.962883
0.241330 1.557800e-010 3.090000e-005 0.658670 0.810528 0.966989
0.214780 1.567600e-010 3.130000e-005 0.585220 0.817664 0.970917
0.188070 1.577500e-010 3.170000e-005 0.511930 0.824909 0.974688
0.161180 1.587200e-010 3.200000e-005 0.438820 0.832035 0.978281
0.134120 1.597200e-010 3.250000e-005 0.365880 0.839433 0.981707
0.106910 1.607100e-010 3.290000e-005 0.293090 0.846787 0.984986
0.079500 1.616900e-010 3.330000e-005 0.220500 0.854103 0.988067
0.051980 1.626600e-010 3.360000e-005 0.148020 0.861373 0.991040
0.024250 1.636100e-010 3.400000e-005 0.075750 0.868536 0.993806
-0.003610 1.645500e-010 3.440000e-005 0.003610 0.875659 0.996444
-0.031690 1.654400e-010 3.480000e-005 -0.068310 0.882436 0.998865
-0.059850 1.663000e-010 3.510000e-005 -0.140150 0.889008 1.001208
-0.088140 1.671300e-010 3.540000e-005 -0.211860 0.895378 1.003422
-0.116580 1.679200e-010 3.580000e-005 -0.283420 0.901476 1.005489
-0.145150 1.686500e-010 3.620000e-005 -0.354850 0.907136 1.007427
-0.173820 1.693500e-010 3.640000e-005 -0.426180 0.912568 1.009267
-0.202630 1.700000e-010 3.670000e-005 -0.497370 0.917640 1.010970
-0.231510 1.706200e-010 3.690000e-005 -0.568490 0.922486 1.012603
-0.260520 1.711900e-010 3.710000e-005 -0.639480 0.926956 1.014108
-0.289570 1.717200e-010 3.740000e-005 -0.710430 0.931134 1.015574
-0.318700 1.722100e-010 3.760000e-005 -0.781300 0.935001 1.016961
-0.348000 1.726700e-010 3.780000e-005 -0.852000 0.938641 1.018180
-0.377200 1.730900e-010 3.800000e-005 -0.922800 0.941974 1.019498
-0.406500 1.734900e-010 3.810000e-005 -0.993500 0.945147 1.020718
-0.436000 1.738400e-010 3.830000e-005 -1.064000 0.947938 1.021740
-0.465500 1.741800e-010 3.840000e-005 -1.134500 0.950647 1.022763
-0.495100 1.745000e-010 3.860000e-005 -1.204900 0.953210 1.023687
-0.524600 1.747900e-010 3.870000e-005 -1.275400 0.955529 1.024709
-0.554300 1.750600e-010 3.890000e-005 -1.345700 0.957701 1.025535
-0.584200 1.753100e-010 3.890000e-005 -1.415800 0.959698 1.026163
