-2.000000 10.000000 0.100000
20
-6.662000 1.804300e-010 3.940000e-005 -15.338000
-6.632000 1.804300e-010 3.950000e-005 -15.268000
-6.601000 1.804200e-010 3.940000e-005 -15.199000
-6.571000 1.804200e-010 3.950000e-005 -15.129000
-6.539000 1.804300e-010 3.950000e-005 -15.061000
-6.509000 1.804200e-010 3.950000e-005 -14.991000
-6.478000 1.804100e-010 3.950000e-005 -14.922000
-6.448000 1.804200e-010 3.950000e-005 -14.852000
-6.417000 1.804100e-010 3.950000e-005 -14.783000
-6.387000 1.804000e-010 3.950000e-005 -14.713000
-6.356000 1.804100e-010 3.950000e-005 -14.644000
-6.326000 1.804100e-010 3.940000e-005 -14.574000
-6.294000 1.804000e-010 3.940000e-005 -14.506000
-6.264000 1.803900e-010 3.950000e-005 -14.436000
-6.233000 1.803900e-010 3.950000e-005 -14.367000
-6.203000 1.803900e-010 3.950000e-005 -14.297000
-6.172000 1.803900e-010 3.950000e-005 -14.228000
-6.142000 1.803900e-010 3.950000e-005 -14.158000
-6.111000 1.803800e-010 3.950000e-005 -14.089000
-6.082000 1.803800e-010 3.950000e-005 -14.018000
8.100000e-007
2.647000e-010 3.333333
5.573000e-010
6.069514e-010
7.223380e-013
-3.219409e-012
120
-0.582900 1.755700e-010 3.750000e-005 -1.417100 0.961653 1.027444
-0.553000 1.755600e-010 3.760000e-005 -1.347000 0.961582 1.026815
-0.523400 1.753400e-010 3.740000e-005 -1.276600 0.959805 1.025891
-0.493800 1.750800e-010 3.740000e-005 -1.206200 0.957727 1.024967
-0.464300 1.748200e-010 3.720000e-005 -1.135700 0.955636 1.023945
-0.434800 1.745300e-010 3.700000e-005 -1.065200 0.953308 1.022922
-0.405400 1.742100e-010 3.700000e-005 -0.994600 0.950762 1.021801
-0.376100 1.738700e-010 3.690000e-005 -0.923900 0.948054 1.020582
-0.346800 1.735200e-010 3.670000e-005 -0.853200 0.945262 1.019362
-0.317600 1.731100e-010 3.660000e-005 -0.782400 0.942010 1.018044
-0.288470 1.727100e-010 3.640000e-005 -0.711530 0.938836 1.016657
-0.259430 1.722400e-010 3.620000e-005 -0.640570 0.935117 1.015182
-0.230410 1.717500e-010 3.600000e-005 -0.569590 0.931250 1.013686
-0.201560 1.712300e-010 3.580000e-005 -0.498440 0.927159 1.012024
-0.172800 1.706500e-010 3.550000e-005 -0.427200 0.922602 1.010272
-0.144120 1.700400e-010 3.530000e-005 -0.355880 0.917833 1.008442
-0.115580 1.693900e-010 3.500000e-005 -0.284420 0.912762 1.006474
-0.087150 1.686900e-010 3.480000e-005 -0.212850 0.907329 1.004397
-0.058870 1.679400e-010 3.440000e-005 -0.141130 0.901515 1.002173
-0.030720 1.671600e-010 3.410000e-005 -0.069280 0.895502 0.999821
-0.002670 1.663300e-010 3.380000e-005 0.002670 0.889132 0.997370
0.025170 1.654700e-010 3.360000e-005 0.074830 0.882568 0.994712
0.052880 1.645700e-010 3.310000e-005 0.147120 0.875708 0.991926
0.080410 1.636500e-010 3.280000e-005 0.219590 0.868743 0.988963
0.107780 1.626900e-010 3.240000e-005 0.292220 0.861505 0.985843
0.134990 1.617300e-010 3.210000e-005 0.365010 0.854309 0.982564
0.162030 1.607400e-010 3.170000e-005 0.437970 0.846918 0.979119
0.188890 1.597500e-010 3.120000e-005 0.511110 0.839557 0.975496
0.215590 1.587500e-010 3.080000e-005 0.584410 0.832166 0.971715
0.242120 1.577700e-010 3.050000e-005 0.657880 0.824967 0.967767
0.268470 1.567900e-010 3.010000e-005 0.731530 0.817795 0.963641
0.294650 1.558100e-010 2.970000e-005 0.805350 0.810658 0.959348
0.320700 1.548500e-010 2.940000e-005 0.879300 0.803708 0.954927
0.346600 1.538900e-010 2.910000e-005 0.953400 0.796791 0.950359
0.372300 1.529500e-010 2.870000e-005 1.027700 0.790042 0.945593
0.397800 1.520200e-010 2.840000e-005 1.102200 0.783403 0.940630
0.423300 1.511000e-010 2.800000e-005 1.176700 0.776858 0.935667
0.448500 1.501900e-010 2.760000e-005 1.251500 0.770414 0.930409
0.473600 1.492900e-010 2.740000e-005 1.326400 0.764081 0.925052
0.498500 1.484100e-010 2.700000e-005 1.401500 0.757903 0.919499
0.523800 1.475400e-010 2.670000e-005 1.476200 0.751828 0.914339
0.548400 1.466600e-010 2.640000e-005 1.551600 0.745709 0.908490
0.572900 1.458100e-010 2.610000e-005 1.627100 0.739824 0.902542
0.597200 1.449600e-010 2.580000e-005 1.702800 0.733962 0.896397
0.621500 1.441300e-010 2.550000e-005 1.778500 0.728262 0.890252
0.645500 1.432900e-010 2.520000e-005 1.854500 0.722516 0.883812
0.669600 1.424900e-010 2.490000e-005 1.930400 0.717065 0.877470
0.693300 1.416700e-010 2.460000e-005 2.006700 0.711500 0.870734
0.717100 1.408800e-010 2.430000e-005 2.082900 0.706159 0.864097
0.740700 1.400700e-010 2.420000e-005 2.159300 0.700716 0.857262
0.764200 1.392900e-010 2.390000e-005 2.235800 0.695482 0.850329
0.787400 1.385100e-010 2.360000e-005 2.312600 0.690268 0.843101
0.810900 1.377300e-010 2.330000e-005 2.389100 0.685074 0.836168
0.834000 1.369700e-010 2.310000e-005 2.466000 0.680036 0.828841
0.857200 1.362100e-010 2.270000e-005 2.542800 0.675006 0.821613
0.880300 1.354700e-010 2.260000e-005 2.619700 0.670142 0.814286
0.903700 1.347600e-010 2.240000e-005 2.696300 0.665485 0.807255
0.926900 1.340400e-010 2.220000e-005 2.773100 0.660779 0.800026
0.950200 1.333700e-010 2.190000e-005 2.849800 0.656408 0.792896
0.973700 1.326700e-010 2.170000e-005 2.926300 0.651862 0.785963
0.997300 1.320300e-010 2.150000e-005 3.002700 0.647718 0.779129
1.020500 1.313900e-010 2.120000e-005 3.079500 0.643581 0.771901
1.043800 1.307200e-010 2.110000e-005 3.156200 0.639275 0.764771
1.066900 1.300800e-010 2.100000e-005 3.233100 0.635174 0.757444
1.090000 1.294400e-010 2.070000e-005 3.310000 0.631075 0.750117
1.113000 1.287900e-010 2.050000e-005 3.387000 0.626930 0.742692
1.135700 1.281000e-010 2.020000e-005 3.464300 0.622539 0.734971
1.158500 1.274600e-010 2.000000e-005 3.541500 0.618483 0.727348
1.181200 1.267900e-010 1.980000e-005 3.618800 0.614250 0.719627
1.203700 1.261100e-010 1.960000e-005 3.696300 0.609968 0.711709
1.226000 1.254600e-010 1.950000e-005 3.774000 0.605892 0.703594
1.248200 1.247800e-010 1.920000e-005 3.851800 0.601631 0.695381
1.270800 1.241000e-010 1.900000e-005 3.929200 0.597389 0.687562
1.292800 1.234100e-010 1.880000e-005 4.007200 0.593098 0.679151
1.314900 1.227200e-010 1.860000e-005 4.085100 0.588820 0.670839
1.336700 1.220000e-010 1.830000e-005 4.163300 0.584367 0.662232
1.358700 1.213100e-010 1.820000e-005 4.241300 0.580122 0.653821
1.380200 1.205600e-010 1.800000e-005 4.319800 0.575519 0.644918
1.401900 1.198500e-010 1.780000e-005 4.398100 0.571176 0.636212
1.423300 1.191100e-010 1.760000e-005 4.476700 0.566664 0.627211
1.444600 1.183400e-010 1.740000e-005 4.555400 0.561987 0.618111
1.465900 1.175800e-010 1.710000e-005 4.634100 0.557381 0.609011
1.486900 1.168100e-010 1.690000e-005 4.713100 0.552736 0.599615
1.508000 1.160000e-010 1.670000e-005 4.792000 0.547867 0.590318
1.529100 1.151800e-010 1.640000e-005 4.870900 0.542952 0.581021
1.550000 1.143400e-010 1.630000e-005 4.950000 0.537946 0.571527
1.570800 1.135300e-010 1.600000e-005 5.029200 0.533127 0.561934
1.591500 1.126700e-010 1.580000e-005 5.108500 0.528035 0.552243
1.612300 1.118000e-010 1.550000e-005 5.187700 0.522900 0.542651
1.632700 1.109000e-010 1.530000e-005 5.267300 0.517614 0.532664
1.652900 1.099500e-010 1.500000e-005 5.347100 0.512054 0.522481
1.673000 1.089400e-010 1.470000e-005 5.427000 0.506169 0.512199
1.693100 1.079200e-010 1.450000e-005 5.506900 0.500256 0.501916
1.712800 1.068600e-010 1.420000e-005 5.587200 0.494137 0.491240
1.732600 1.057600e-010 1.400000e-005 5.667400 0.487822 0.480663
1.752300 1.046600e-010 1.370000e-005 5.747700 0.481533 0.469987
1.771800 1.035100e-010 1.330000e-005 5.828200 0.474989 0.459114
1.791000 1.022200e-010 1.310000e-005 5.909000 0.467696 0.447945
1.810100 1.009600e-010 1.280000e-005 5.989900 0.460609 0.436678
1.829100 9.960000e-011 1.250000e-005 6.070900 0.453004 0.425312
1.848200 9.817000e-011 1.200000e-005 6.151800 0.445050 0.414045
1.866600 9.670000e-011 1.170000e-005 6.233400 0.436932 0.402088
1.884900 9.506000e-011 1.130000e-005 6.315100 0.427935 0.390033
1.903200 9.346000e-011 1.100000e-005 6.396800 0.419221 0.377978
1.921000 9.170000e-011 1.060000e-005 6.479000 0.409704 0.365430
1.938800 8.993000e-011 1.010000e-005 6.561200 0.400201 0.352882
1.956200 8.804000e-011 9.800000e-006 6.643800 0.390141 0.339941
1.973600 8.624000e-011 9.400000e-006 6.726400 0.380632 0.326999
1.990800 8.435000e-011 8.900000e-006 6.809200 0.370723 0.313860
2.008200 8.254000e-011 8.600000e-006 6.891800 0.361313 0.300918
2.025200 8.066000e-011 8.300000e-006 6.974800 0.351614 0.287582
2.041800 7.881000e-011 7.900000e-006 7.058200 0.342143 0.273853
2.058400 7.705000e-011 7.500000e-006 7.141600 0.333199 0.260123
2.074800 7.535000e-011 7.200000e-006 7.225200 0.324625 0.246196
2.091000 7.374000e-011 6.900000e-006 7.309000 0.316560 0.232072
2.106800 7.217000e-011 6.700000e-006 7.393200 0.308749 0.217554
2.122600 7.070000e-011 6.400000e-006 7.477400 0.301479 0.203036
2.138300 6.926000e-011 6.100000e-006 7.561700 0.294400 0.188420
2.154100 6.794000e-011 5.900000e-006 7.645900 0.287949 0.173902
2.169400 6.668000e-011 5.700000e-006 7.730600 0.281823 0.158892
2.184700 6.552000e-011 5.500000e-006 7.815300 0.276211 0.143881
