         191   2.500000118743628E-004
   3.591560098438534E-001   1.037066798327509E-001   9.583208531243584E-001
   4.336194154575401E-002   8.936341702616886E-002   9.505526682072390E-001
  -3.703662088783904E-001   6.633520534813449E-002   9.375860149987035E-001
  -6.434549052298723E-001   4.792091784919868E-002   9.273621422479672E-001
       -1.006384123384729   1.888514654854461E-002   9.124823405722664E-001
       -1.139589259815523   6.856069972530483E-003   9.069132383150471E-001
       -1.353284670539992  -1.397954713846213E-002   8.981331097905748E-001
       -1.522102843424718  -3.174392675855573E-002   8.914599538313469E-001
       -1.662173807018481  -4.732164443621018E-002   8.861533780421457E-001
       -1.887425436250868  -7.388482762408201E-002   8.780943579324700E-001
       -1.981235815858429  -8.547119543276324E-002   8.749088917051148E-001
       -2.143289725828192  -1.061745776121322E-001   8.696284974064976E-001
       -2.399442553950552  -1.405855552899780E-001   8.617998431945161E-001
       -2.504795295289433  -1.553074352787149E-001   8.587423428819533E-001
       -2.685239410852695  -1.812557879219324E-001   8.536962483979230E-001
       -2.763910881230684  -1.928500772680866E-001   8.515645229209031E-001
       -2.903993966743277  -2.139045728469578E-001   8.478608744456188E-001
       -3.026111114465689  -2.326763589444530E-001   8.447199977544616E-001
       -3.134442692597939  -2.496465499243564E-001   8.419955705502300E-001
       -3.231846183875086  -2.651545174436177E-001   8.395914198797920E-001
       -3.401510888503675  -2.927198124755659E-001   8.354965392149701E-001
       -3.476438124408741  -3.051124906931560E-001   8.337223624997465E-001
       -3.611049097148991  -3.277078284694281E-001   8.305823501421262E-001
       -3.729455513586853  -3.479296600679947E-001   8.278662498693239E-001
       -3.835178730511883  -3.662553666068971E-001   8.254738285257671E-001
       -3.930696037152376  -3.830282954117783E-001   8.233365018526354E-001
       -4.097909994995608  -4.128791597618164E-001   8.196440868038939E-001
       -4.172026173357168  -4.263068253902768E-001   8.180253912812725E-001
       -4.305497800424705  -4.507891045439474E-001   8.151347152124369E-001
       -4.366067551616308  -4.620260907690453E-001   8.138322425890510E-001
       -4.477150418943160  -4.828387168009808E-001   8.114568857145937E-001
       -4.577057641096649  -5.017821460873790E-001   8.093335327651670E-001
       -4.667825852356415  -5.191762023171060E-001   8.074135807187658E-001
       -4.827688632774890  -5.502334862787321E-001   8.040493190840631E-001
       -4.898873280352763  -5.642356219755961E-001   8.025568227699639E-001
       -5.027470649909154  -5.897999092337375E-001   7.998666759754708E-001
       -5.085972300371321  -6.015440457344851E-001   7.986446769437142E-001
       -5.193448230058148  -6.233059408270524E-001   7.964011543232112E-001
       -5.290274089043855  -6.431178352299088E-001   7.943800981562477E-001
       -5.378340223641722  -6.613073490225504E-001   7.925406404741446E-001
       -5.533581248587873  -6.937662791721890E-001   7.892914250784325E-001
       -5.602733662738571  -7.083877480923528E-001   7.878398572989032E-001
       -5.727651184006224  -7.350549978474228E-001   7.852085296618031E-001
       -5.784461359288545  -7.472916827180842E-001   7.840070919886798E-001
       -5.888777395097987  -7.699390699971893E-001   7.817916216013517E-001
       -5.982676165473586  -7.905230374769484E-001   7.797853524232894E-001
       -6.067994703544095  -8.093899345827003E-001   7.779509231983455E-001
       -6.146124751588278  -8.268049167329428E-001   7.762601860595894E-001
       -6.218145928035314  -8.429756243105675E-001   7.746914053570055E-001
       -6.347112219717713  -8.722158397789062E-001   7.718545600284724E-001
       -6.405306521206131  -8.855303960080337E-001   7.705615475602839E-001
       -6.511461351403879  -9.100129176043793E-001   7.681796879750091E-001
       -6.560138921794651  -9.213243543544292E-001   7.670766058779891E-001
       -6.650103272403143  -9.423718542419556E-001   7.650182179884248E-001
       -6.731661112541776  -9.616136409707347E-001   7.631282164890771E-001
       -6.806182531556138  -9.793309265791216E-001   7.613795158019248E-001
       -6.938145320899363       -1.011027576133920   7.582264019857579E-001
       -6.997104040262371       -1.025324618992421   7.567920020078479E-001
       -7.103766163863496       -1.051406257626756   7.541523282329911E-001
       -7.152308014688693       -1.063369898588199   7.529304450680921E-001
       -7.241437056826147       -1.085492465805498   7.506503590070269E-001
       -7.321604239797282       -1.105566006329933   7.485557916864962E-001
       -7.394346443119616       -1.123927114321280   7.466160710067659E-001
       -7.522009108212819       -1.156497348001448   7.431118953979703E-001
       -7.578585193015491       -1.171076265747533   7.415140866951453E-001
       -7.680232163487333       -1.197499755267867   7.385661122470670E-001
       -7.726195899100306       -1.209547692765735   7.371977303531102E-001
       -7.810116836724293       -1.231709347082206   7.346370046638637E-001
       -7.885080451030622       -1.251690121812520   7.322754507278839E-001
       -8.014123250399157       -1.286509866179177   7.280248323704559E-001
       -8.070351794893549       -1.301856866947940   7.260904061198781E-001
       -8.169993309612268       -1.329325984674975   7.225227522725518E-001
       -8.214493518413450       -1.341710559181352   7.208659923660704E-001
       -8.294889915224777       -1.364275826161423   7.177619879858812E-001
       -8.365809395288140       -1.384393061579151   7.148930365114677E-001
       -8.429065176597719       -1.402511795520937   7.122183484935979E-001
       -8.486007237459292       -1.418969754425376   7.097071031090515E-001
       -8.584846628321174       -1.447887762067874   7.050844455073906E-001
       -8.628186417394494       -1.460715597384594   7.029389625088520E-001
       -8.705310712619875       -1.483779625131006   6.989169737097540E-001
       -8.772153917756057       -1.504028174373185   6.951931024725092E-001
       -8.830885309903815       -1.522031136918764   6.917128723314954E-001
       -8.883072399453045       -1.538204486740655   6.884360112152718E-001
       -8.972205110052961       -1.566240484785959   6.823766038379584E-001
       -9.010735039470017       -1.578532510560257   6.795512112040444E-001
       -9.078509623588603       -1.600428432812971   6.742314669241132E-001
       -9.136469013360596       -1.619451374185759   6.692793775971287E-001
       -9.186828451866075       -1.636221930823027   6.646293245457419E-001
       -9.270592868416550       -1.664665283282149   6.560550255592710E-001
       -9.306002925089421       -1.676914321460710   6.520664117153226E-001
       -9.367237443455847       -1.698445211857173   6.445733539734347E-001
       -9.418638156172518       -1.716890274697463   6.376213635352898E-001
       -9.500958341574448       -1.747227283220257   6.249999375270592E-001
       -9.534729573072740       -1.759988107731637   6.192144165274583E-001
       -9.591920207214118       -1.782066179096625   6.084965575017959E-001
       -9.638923898085189       -1.800694119945051   5.987365794405417E-001
       -9.712750159106692       -1.830939244157700   5.815018669943791E-001
       -9.742662336484877       -1.843571263486976   5.738224237048719E-001
       -9.756310621111876       -1.849412589167198   5.701833277800512E-001
       -9.762847683475428       -1.852228109297159   5.684104952153349E-001
       -9.766048746331924       -1.853611052735521   5.675353654589741E-001
       -9.766048746331924       -1.853611052735521   5.675353654589741E-001
       -9.767632911918090       -1.854296492004145   5.671005752703101E-001
       -9.770769198653634       -1.855655541490066   5.662364789034828E-001
       -9.776917291111314       -1.858327595138414   5.645298651999072E-001
       -9.788743251009841       -1.863497070921719   5.612002117774770E-001
       -9.810709641584333       -1.873205225674240   5.548549140864909E-001
       -9.849136848187303       -1.890531433010808   5.432800337432292E-001
       -9.881934813473546       -1.905678942800283   5.329733470177366E-001
       -9.935827541570601       -1.931319402702032   5.153742827503145E-001
       -9.958545573068180       -1.942415188676917   5.077874658137871E-001
       -9.998024372629009       -1.962109170612547   4.945029202793973E-001
      -10.031591042192260       -1.979266494181380   4.832270811058068E-001
      -10.060842148084910       -1.994525141180129   4.735091164063445E-001
      -10.110203560345530       -2.020910396394178   4.575325940747824E-001
      -10.131520286657270       -2.032545481488862   4.508531937637771E-001
      -10.169311571620670       -2.053516418474106   4.394054362302443E-001
      -10.186280377491220       -2.063071306454487   4.344424786908839E-001
      -10.217227020560030       -2.080709857976840   4.256892333749898E-001
      -10.244975850863630       -2.096751311023439   4.181739837005696E-001
      -10.270208818225940       -2.111515816703515   4.116140054733202E-001
      -10.314933573752310       -2.138080176716885   4.006131661286335E-001
      -10.335049885708920       -2.150185117670344   3.959171143275205E-001
      -10.371850123684560       -2.172568018769981   3.877093772766268E-001
      -10.388831905853750       -2.182996748223312   3.840813406217778E-001
      -10.420507161729490       -2.202610136632054   3.775680567424456E-001
      -10.449660422964850       -2.220840035252798   3.718495751356951E-001
      -10.476767748015750       -2.237937033680787   3.667548650551290E-001
      -10.502180813737260       -2.254088462578736   3.621615591950801E-001
      -10.526166937615450       -2.269438180486492   3.579793845643575E-001
      -10.570647619859090       -2.298161730331757   3.505905765957744E-001
      -10.591440635461010       -2.311699393087956   3.472894082188138E-001
      -10.630683503430980       -2.337432078714186   3.413045581759309E-001
      -10.649299912517090       -2.349720165497057   3.385713969551776E-001
      -10.684846729069100       -2.373322123969104   3.335298409031023E-001
      -10.701879504608530       -2.384693935861329   3.311925455716649E-001
      -10.734670321450300       -2.406696714325176   3.268278350704851E-001
      -10.750495756067230       -2.417366194084968   3.247821570561211E-001
      -10.781146375086250       -2.438121473943856   3.209269460395233E-001
      -10.796018277481990       -2.448234167327368   3.191051682924405E-001
      -10.824954164386360       -2.467986757888559   3.156477129501830E-001
      -10.852922554925730       -2.487172493591770   3.124104625371836E-001
      -10.880034332984020       -2.505855746866382   3.093655709981064E-001
      -10.906381499953120       -2.524090062502358   3.064902578823300E-001
      -10.932041255026620       -2.541920465104241   3.037656481068275E-001
      -10.957079031368390       -2.559385184334713   3.011759247644163E-001
      -10.981550792809550       -2.576516965568058   2.987076992105189E-001
      -11.005504796820830       -2.593344079818248   2.963495350725792E-001
      -11.028982965701490       -2.609891111917762   2.940915833100765E-001
      -11.052021965787290       -2.626179582753263   2.919252987211684E-001
      -11.074654066062360       -2.642228445656924   2.898432170778634E-001
      -11.096907828027340       -2.658054486204268   2.878387780064700E-001
      -11.118808665020750       -2.673672647050594   2.859061828120866E-001
      -11.140379299492720       -2.689096294004749   2.840402793000256E-001
      -11.182609592553170       -2.719406905621456   2.804906230407337E-001
      -11.203304324323870       -2.734314515644486   2.787990311418466E-001
      -11.243928871808090       -2.763679042368142   2.755654881077167E-001
      -11.263885130830480       -2.778151532459990   2.740177196700051E-001
      -11.303143687463090       -2.806711169740590   2.710475083741603E-001
      -11.322466485845070       -2.820810393875860   2.696206211190800E-001
      -11.360544682529000       -2.848674494531564   2.668734746656374E-001
      -11.379316346140930       -2.862448954313146   2.655497376566128E-001
      -11.416361314699780       -2.889704205320422   2.629941808637948E-001
      -11.434647777337600       -2.903192749453035   2.617595846032240E-001
      -11.470778446096780       -2.929909226645227   2.593705107293945E-001
      -11.488633472827060       -2.943143535793683   2.582137786162437E-001
      -11.523947585710620       -2.969378835054944   2.559708145249905E-001
      -11.541415697223570       -2.982385143511543   2.548827250606502E-001
      -11.575994741172660       -3.008187282326697   2.527690942340815E-001
      -11.593113294387630       -3.020987603405537   2.517420030612827E-001
      -11.627026047224820       -3.046397110674729   2.497437139287752E-001
      -11.643826750951780       -3.059010129580806   2.487712085202781E-001
      -11.677131893071890       -3.084061584268466   2.468764617556548E-001
      -11.693641935192810       -3.096503322204253   2.459531066180461E-001
      -11.726390009831340       -3.121226508329177   2.441518536823737E-001
      -11.742632910988090       -3.133510825505001   2.432729988336941E-001
      -11.774867821036820       -3.157931614116471   2.415566073862085E-001
      -11.790864091716000       -3.170070596935543   2.407182420170109E-001
      -11.822624260243360       -3.194211629955687   2.390792383705197E-001
      -11.838391913875240       -3.206215893363543   2.382778773861807E-001
      -11.869711196277150       -3.230097121086859   2.367097455090846E-001
      -11.885266155109800       -3.241976047740712   2.359423404085129E-001
      -11.916174564898110       -3.265615156521155   2.344393630996330E-001
      -11.931530984813980       -3.277377088195963   2.337032311414776E-001
      -11.962055277556230       -3.300789844548456   2.322603631149220E-001
      -11.977225810774480       -3.312442236941346   2.315531304155357E-001
      -12.007389958658540       -3.335642767192125   2.301658958477588E-001
      -12.022385968248880       -3.347192316330709   2.294854512254113E-001
      -12.052211549312270       -3.370193335981853   2.281498602790654E-001
      -12.067043285900930       -3.381646082353362   2.274943174817543E-001
      -12.096549805960270       -3.404459085789124   2.262067977115423E-001
