         202   2.500000118743628E-004
   7.811533160170099E-001   1.195357115972723E-001   9.662731174356221E-001
       -1.029732868920138   1.683029698200402E-002   9.115048608570229E-001
       -2.268975309680513  -1.228083100231002E-001   8.657131298879145E-001
       -2.268975309680513  -1.228083100231002E-001   8.657131298879145E-001
       -2.268985372401396  -1.228096613406510E-001   8.657128223121474E-001
       -2.269005497518060  -1.228123639413799E-001   8.657122071732990E-001
       -2.269045746403089  -1.228177689989142E-001   8.657109769478074E-001
       -2.269126238806084  -1.228285785417708E-001   8.657085167048392E-001
       -2.269287202145149  -1.228501953386146E-001   8.657035970508540E-001
       -2.269609042995932  -1.228934197806325E-001   8.656937610689217E-001
       -2.270252381683862  -1.229798320848462E-001   8.656741023958990E-001
       -2.271537689374805  -1.231525105895886E-001   8.656348381067260E-001
       -2.274102844988258  -1.234972849154641E-001   8.655565209049997E-001
       -2.279211467318283  -1.241845165372549E-001   8.654007252738339E-001
       -2.289343138247743  -1.255498197565879E-001   8.650924362020445E-001
       -2.309273328543002  -1.282446256755630E-001   8.644886589311214E-001
       -2.347869629404836  -1.334973763289409E-001   8.633292709262469E-001
       -2.420489820769327  -1.435008559041445E-001   8.611819852523654E-001
       -2.550516967274572  -1.617958915272289E-001   8.574418856085938E-001
       -2.664560965509269  -1.782362462583328E-001   8.542631502876421E-001
       -2.766228143436960  -1.931941207358337E-001   8.515023184641654E-001
       -2.941712510392008  -2.196616451222279E-001   8.468824367750639E-001
       -3.018671772175497  -2.315218548747670E-001   8.449091580654464E-001
       -3.156263746713877  -2.531003733094641E-001   8.414533656224794E-001
       -3.218349599740108  -2.629917293215710E-001   8.399221109139384E-001
       -3.331751969600970  -2.813021028175862E-001   8.371666542303291E-001
       -3.433332039174440  -2.979666643368210E-001   8.347406367633528E-001
       -3.525358601006165  -3.132751808386684E-001   8.325744133334133E-001
       -3.687013228337443  -3.406442767355943E-001   8.288351753147868E-001
       -3.758881607843817  -3.530048543880055E-001   8.271973952843821E-001
       -3.888628126841811  -3.756159791864029E-001   8.242751383484711E-001
       -3.947641128844177  -3.860251421369169E-001   8.229595705155253E-001
       -4.056080687563218  -4.053540058940304E-001   8.205622944173534E-001
       -4.153840178849575  -4.230009582105136E-001   8.184216293879210E-001
       -4.242842198120065  -4.392483436142117E-001   8.164879943349500E-001
       -4.324529990407865  -4.543114813406093E-001   8.147248635259734E-001
       -4.470172602272779  -4.815235852609961E-001   8.116056249439381E-001
       -4.535703200425215  -4.939151947615359E-001   8.102110735436916E-001
       -4.655066299895062  -5.167205473963071E-001   8.076829978708362E-001
       -4.709762401961018  -5.272713510180149E-001   8.065291032913851E-001
       -4.810853151105897  -5.469374618570417E-001   8.044027425423381E-001
       -4.902564196030982  -5.649645271886466E-001   8.024795122490533E-001
       -4.986473933675591  -5.816124823245598E-001   8.007235996418752E-001
       -5.063792263653353  -5.970830162669869E-001   7.991078842202282E-001
       -5.202255900380715  -6.251000203610868E-001   7.962173307445553E-001
       -5.264772110976590  -6.378807989172275E-001   7.949124827690491E-001
       -5.378922690393187  -6.614281932505723E-001   7.925284676230883E-001
       -5.431331183556044  -6.723303973087646E-001   7.914327157451166E-001
       -5.528327103387062  -6.926594529501784E-001   7.894015902673019E-001
       -5.616441083235047  -7.112979482315974E-001   7.875517360163032E-001
       -5.697130237718634  -7.285090654910170E-001   7.858526838175848E-001
       -5.771520608213081  -7.444982923550704E-001   7.842810601479729E-001
       -5.840500482899611  -7.594292491854022E-001   7.828185426248159E-001
       -5.964949237814775  -7.866226047974395E-001   7.801650732607170E-001
       -6.021479182204263  -7.990843333609879E-001   7.789524980047066E-001
       -6.125170959054810  -8.221214025904614E-001   7.767147149398556E-001
       -6.172959138958168  -8.328167627675246E-001   7.756768752848238E-001
       -6.261664054775242  -8.528015184528395E-001   7.737383081465118E-001
       -6.342499444618070  -8.711636749543371E-001   7.719566898289822E-001
       -6.416699576583854  -8.881458892879471E-001   7.703073898687093E-001
       -6.485230868939160  -9.039398290662335E-001   7.687711769050862E-001
       -6.548864094939335  -9.186995888984434E-001   7.673327462774391E-001
       -6.663823006613515  -9.455979566646208E-001   7.647019340552613E-001
       -6.716088290007337  -9.579276532831528E-001   7.634909578675299E-001
       -6.811996424890746  -9.807186583877794E-001   7.612421630508412E-001
       -6.856203454749783  -9.912967288877071E-001   7.601931965739531E-001
       -6.938250944013930       -1.011053113472007   7.582238471195861E-001
       -7.012988247923003       -1.029190923358509   7.564026453304846E-001
       -7.081546505887126       -1.045949712021020   7.547072141376849E-001
       -7.144815639804496       -1.061519449733132   7.531199258633056E-001
       -7.203508196671219       -1.076053357643626   7.516266437020706E-001
       -7.309378350592025       -1.102493816140410   7.488780562666296E-001
       -7.357430596251679       -1.114591428082571   7.476053128718834E-001
       -7.445455402867275       -1.136912785053296   7.452291985248077E-001
       -7.485955911584421       -1.147253744068001   7.441152263964712E-001
       -7.560990044505411       -1.166532530190781   7.420141488704486E-001
       -7.629174787207388       -1.184189759774686   7.400598216891046E-001
       -7.691573193423833       -1.200466610845560   7.382306178547854E-001
       -7.749022335124116       -1.215554425260142   7.365094136231053E-001
       -7.851629800374853       -1.242752314559218   7.333383422254236E-001
       -7.897782497804226       -1.255093382562247   7.318678536992752E-001
       -7.981672518872461       -1.277701788866568   7.291175222034374E-001
       -8.019992293775303       -1.288106695709824   7.278253977211699E-001
       -8.090533573502071       -1.307392013013061   7.253827396382793E-001
       -8.154135238343738       -1.324930315092972   7.231033064085615E-001
       -8.211929826334359       -1.340995065415059   7.209625774209170E-001
       -8.264799330774949       -1.355800872228352   7.189412578473523E-001
       -8.358426202699908       -1.382289178188775   7.151978713318590E-001
       -8.400208502578890       -1.394225207836139   7.134528296642312E-001
       -8.475634527077087       -1.415961033644828   7.101723188478144E-001
       -8.509866252987727       -1.425908776120303   7.086232931559189E-001
       -8.572520510018101       -1.444256266011122   7.056807574547004E-001
       -8.628611193433098       -1.460841786773619   7.029175454964079E-001
       -8.679253109571457       -1.475952278732506   7.003068405430481E-001
       -8.767451564981167       -1.502595495942905   6.954629755199210E-001
       -8.806228767972913       -1.514448226681641   6.931993039212352E-001
       -8.875366647141838       -1.535805558686335   6.889315859919338E-001
       -8.906391286980444       -1.545487540286783   6.869102111678972E-001
       -8.962627589500956       -1.563201706449693   6.830584708608853E-001
       -9.012392903901757       -1.579063875311393   6.794265693328415E-001
       -9.056872238138718       -1.593398669595591   6.759815511304454E-001
       -9.133362778824310       -1.618424506002050   6.695551507712174E-001
       -9.166618155328420       -1.629463360831483   6.665371457340682E-001
       -9.225374218904300       -1.649221674442194   6.608238887677884E-001
       -9.275869647389758       -1.666481732547199   6.554754181185656E-001
       -9.319920709222439       -1.681768112578461   6.504324426789936E-001
       -9.393543007599666       -1.707840274258637   6.410968070642102E-001
       -9.424795473561060       -1.719124251185124   6.367437449985440E-001
       -9.479024169898153       -1.739041280491101   6.285590814612122E-001
       -9.524730157869001       -1.756189270158004   6.209674677313886E-001
       -9.564013893157663       -1.771216539803739   6.138775233089031E-001
       -9.628651100833650       -1.796583417772573   6.009471603591228E-001
       -9.655776884807617       -1.807487807592898   5.950129919847280E-001
       -9.702518881809908       -1.826670477628127   5.840352572037057E-001
       -9.741694633012079       -1.843158973637803   5.740772375527706E-001
       -9.775288914872052       -1.857618856009174   5.649835118904906E-001
       -9.830608760424825       -1.882121864965451   5.489333459271375E-001
       -9.853910146178416       -1.892715014033385   5.418029247545245E-001
       -9.894290051432611       -1.911473648332761   5.290027129660728E-001
       -9.928447479985198       -1.927751875577754   5.178221543673581E-001
       -9.958038996672302       -1.942165888567112   5.079573261391498E-001
      -10.007530339844700       -1.966929623406183   4.913021370992773E-001
      -10.028711362603690       -1.977779741286966   4.841906009406528E-001
      -10.065957629168120       -1.997222703127489   4.718255590498231E-001
      -10.098052022728590       -2.014342064628262   4.614045465868096E-001
      -10.126327955111320       -2.029698313331361   4.524662390598095E-001
      -10.174663396566190       -2.056520848488559   4.378279098760633E-001
      -10.195766389719360       -2.068449142251295   4.317180466165963E-001
      -10.233500399228770       -2.090092155306360   4.212435011827229E-001
      -10.250572078432010       -2.100011481344322   4.166966777642417E-001
      -10.281902715753270       -2.118413659871453   4.086612960979767E-001
      -10.310203762392300       -2.135247850587253   4.017395780739510E-001
      -10.336103139846880       -2.150821497789564   3.956754020232670E-001
      -10.360050425541320       -2.165358343773435   3.902886340964736E-001
      -10.403341904719820       -2.191955748106409   3.810575744479582E-001
      -10.423137855542130       -2.204248257633816   3.770414461903059E-001
      -10.459827577933130       -2.227236401185761   3.699143195016582E-001
      -10.476953016910540       -2.238054357467162   3.667207510553311E-001
      -10.509202454865140       -2.258571493565846   3.609222558580867E-001
      -10.539215746663650       -2.277830284882049   3.557637978032678E-001
      -10.567389609227930       -2.296046803425304   3.511163807433581E-001
      -10.594022661267880       -2.313385229870730   3.468859352649168E-001
      -10.619345395252750       -2.329973317050587   3.430019034929380E-001
      -10.643539486675970       -2.345912467722627   3.394100944182351E-001
      -10.666750699165520       -2.361284538695924   3.360680386043612E-001
      -10.710678761253370       -2.390584182135105   3.300041626610886E-001
      -10.731575513076610       -2.404614001145599   3.272324226440368E-001
      -10.771582418449760       -2.431632520062778   3.221151273583601E-001
      -10.790801919684400       -2.444684031997137   3.197406242821403E-001
      -10.827892687170750       -2.469998249647662   3.153028497916558E-001
      -10.845835361410750       -2.482302283222840   3.132213522487702E-001
      -10.880662852926200       -2.506289846232686   3.092960347226438E-001
      -10.897596886233400       -2.518002012461214   3.074400111155231E-001
      -10.930609491852500       -2.540923729838665   3.039157659076871E-001
      -10.946723448002420       -2.552153947914049   3.022389736132968E-001
      -10.978242743606630       -2.574197601834024   2.990378056299083E-001
      -10.993674404081750       -2.585026452797304   2.975071769057625E-001
      -11.023939169918950       -2.606331865360280   2.945723036078892E-001
      -11.038792413362080       -2.616820243494270   2.931633529261469E-001
      -11.067985090762220       -2.637494455817743   2.904521069446870E-001
      -11.082340300645250       -2.647689559311839   2.891461772658316E-001
      -11.110603661739370       -2.667816452834677   2.866256478317671E-001
      -11.138312266673020       -2.687616564868867   2.842175009783625E-001
      -11.165510053142070       -2.707115746862834   2.819118186029512E-001
      -11.192235496615970       -2.726336644555801   2.796999796590907E-001
      -11.218522505231040       -2.745299220993915   2.775744398744986E-001
      -11.244401137053070       -2.764021176331680   2.755285566443891E-001
      -11.269898180428860       -2.782518287910912   2.735564484016372E-001
      -11.295037627681410       -2.800804688120280   2.716528806064589E-001
      -11.319841064895400       -2.818893093227350   2.698131725103277E-001
      -11.344327995082430       -2.836794993232056   2.680331202937393E-001
      -11.368516108000800       -2.854520810472099   2.663089332286130E-001
      -11.392421506918820       -2.872080032982112   2.646371802900516E-001
      -11.416058900366430       -2.889481327306307   2.630147452183637E-001
      -11.439441765217100       -2.906732634474471   2.614387884657038E-001
      -11.462582486138660       -2.923841252091892   2.599067147909374E-001
      -11.485492475445030       -2.940813904906758   2.584161455187027E-001
      -11.508182276597800       -2.957656805761064   2.569648946737403E-001
      -11.530661653992420       -2.974375708471894   2.555509483536286E-001
      -11.552939671179140       -2.990975953906120   2.541724468224557E-001
      -11.575024759283140       -3.007462510285703   2.528276689023582E-001
      -11.596924777080400       -3.023840008579917   2.515150183150864E-001
      -11.618647063937540       -3.040112773695298   2.502330116859623E-001
      -11.640198486623000       -3.056284852056109   2.489802679712104E-001
      -11.661585480833840       -3.072360036072086   2.477554991089745E-001
      -11.682814088148270       -3.088341885911714   2.465575017265353E-001
      -11.703889989004610       -3.104233748934506   2.453851497624504E-001
      -11.724818532216050       -3.120038777082451   2.442373878841397E-001
      -11.745604761455730       -3.135759942486357   2.431132255992746E-001
      -11.766253439083320       -3.151400051505903   2.420117319743212E-001
      -11.786769067632230       -3.166961757391225   2.409320308860033E-001
      -11.807155909231830       -3.182447571727799   2.398732967418977E-001
      -11.827418003202270       -3.197859874804548   2.388347506151691E-001
      -11.867583085886410       -3.228472867476495   2.368153193675533E-001
      -11.887493175895250       -3.243677741720878   2.358330798231854E-001
      -11.926984935053670       -3.273893958421832   2.339204296299046E-001
      -11.946572734925860       -3.288908913589300   2.329888647088484E-001
      -11.985446463905020       -3.318760937570406   2.311725819259212E-001
      -12.004737729216320       -3.333601150901537   2.302868719712368E-001
      -12.043041544838750       -3.363117336434975   2.285580083090176E-001
      -12.062058773861330       -3.377796065707551   2.277139953819592E-001
      -12.099834856318430       -3.407001268729150   2.260648026410393E-001
