         100
   1.049708965730164E+021   1.091792928981122E+021   1.096407100007061E+021
   1.101267424265057E+021   1.106388479689483E+021   1.111785856210266E+021
   1.117476236618724E+021   1.123477493928218E+021   1.129808793338739E+021
   1.136490706209839E+021   1.143545336213058E+021   1.150996459167074E+021
   1.158869678303259E+021   1.167192596963183E+021   1.175995011027805E+021
   1.185309123726707E+021   1.195169785884238E+021   1.205614765139358E+021
   1.216685048241262E+021   1.228425181190669E+021   1.240883652787714E+021
   1.254113328087354E+021   1.268171939383462E+021   1.283122643682305E+021
   1.299034657232980E+021   1.315983979616785E+021   1.334054222234337E+021
   1.353337558862901E+021   1.373935819405592E+021   1.395961752169646E+021
   1.419540485154442E+021   1.444811223195845E+021   1.471929225906180E+021
   1.501068120941529E+021   1.532422619031646E+021   1.566211713366558E+021
   1.602682464689574E+021   1.642114498280025E+021   1.684825369442835E+021
   1.731176994678509E+021   1.781583396306617E+021   1.836520072640095E+021
   1.896535391264198E+021   1.962264509760969E+021   2.034446467629821E+021
   2.113945275055179E+021   2.201776052584778E+021   2.299137575628646E+021
   2.407452958511010E+021   2.528420697959902E+021   2.664078912248511E+021
   2.816886386090734E+021   2.989824988794850E+021   3.186529205120194E+021
   3.411449910503699E+021   3.670061118264898E+021   3.969120137624404E+021
   4.316993204102148E+021   4.724059760759074E+021   5.203208410526223E+021
   5.770434821205554E+021   6.445544437971130E+021   7.252947619386464E+021
   8.222507541287327E+021   9.390356899584913E+021   1.079953370619617E+022
   1.250019843466317E+022   1.454909204955414E+022   1.700780014678543E+022
   1.993934646464807E+022   2.340271302567508E+022   2.744514002989518E+022
   3.209252649055551E+022   3.733887710649182E+022   4.313634732401151E+022
   4.938776841700937E+022   5.594334843262477E+022   6.260247508904525E+022
   6.912038080640741E+022   7.521823949984820E+022   8.059443712504333E+022
   8.493458140276123E+022   8.791847655403867E+022   8.922409247140237E+022
   8.853208731670729E+022   8.554044113769729E+022   8.000667896308603E+022
   7.183995206950260E+022   6.125239290332172E+022   4.892734317843523E+022
   3.607459871602753E+022   2.420612309338171E+022   1.462280765622913E+022
   7.911231435652401E+021   3.837485714451446E+021   1.679911885354949E+021
   6.704319642346464E+020   2.467985406038787E+020   8.480432108361697E+019
   2.750774764579131E+019   8.508427932984393E+018
   1.049708965730164E+021   1.091787215360248E+021   1.096401082410657E+021
   1.101261084774860E+021   1.106381799153486E+021   1.111778814139781E+021
   1.117468811075445E+021   1.123469661399367E+021   1.129800528599340E+021
   1.136481982170430E+021   1.143536123751013E+021   1.150986726939492E+021
   1.158859392539014E+021   1.167181721231435E+021   1.175983505979832E+021
   1.185296946807444E+021   1.195156891009355E+021   1.205601102333038E+021
   1.216670563229071E+021   1.228409814940974E+021   1.240867340994031E+021
   1.254096000582681E+021   1.268153519476128E+021   1.283103047400969E+021
   1.299013792466217E+021   1.315961745129970E+021   1.334030506543292E+021
   1.353312238939789E+021   1.373908759187739E+021   1.395932800836008E+021
   1.419509475127193E+021   1.444777967815557E+021   1.471893516717882E+021
   1.501029724515055E+021   1.532381273222210E+021   1.566167122899535E+021
   1.602634295925622E+021   1.642062372981218E+021   1.684768857315035E+021
   1.731115604406580E+021   1.781516564723023E+021   1.836447151568067E+021
   1.896455631445932E+021   1.962177041108243E+021   2.034350274803545E+021
   2.113839167070141E+021   2.201658624716110E+021   2.299007161324162E+021
   2.407307568227471E+021   2.528257940753409E+021   2.663895894432513E+021
   2.816679579144037E+021   2.989590055684987E+021   3.186260769902273E+021
   3.411141249862633E+021   3.669703744690265E+021   3.968703230781275E+021
   4.316502827612193E+021   4.723477772843230E+021   5.202510933839945E+021
   5.769590072000675E+021   6.444509615294386E+021   7.251664402091227E+021
   8.220895503325426E+021   9.388303782533060E+021   1.079688090112395E+022
   1.249671909012198E+022   1.454445771877062E+022   1.700152945036912E+022
   1.993072526985377E+022   2.339066912751357E+022   2.742804461764520E+022
   3.206787712852578E+022   3.730278831378046E+022   4.308272858061226E+022
   4.930699598864194E+022   5.582012395358578E+022   6.241239608892678E+022
   6.882451833250158E+022   7.475474625728573E+022   7.986599944818757E+022
   8.379068189123205E+022   8.613266507871892E+022   8.647018638015625E+022
   8.437161492541564E+022   7.944832039845988E+022   7.147878305927619E+022
   6.062328709520187E+022   4.767128612814565E+022   3.412304584040610E+022
   2.185048939475902E+022   1.235570148621655E+022   6.133572301168824E+021
   2.677834413732634E+021   1.036454998465930E+021   3.598414710675879E+020
   1.135625558090905E+020   3.301648623651233E+019   8.955618449442332E+018
   2.292665247837298E+018   5.596472992352352E+017
   1.049708965730164E+021   1.091755729493366E+021   1.096367921472468E+021
   1.101226150029675E+021   1.106344985067645E+021   1.111740007814499E+021
   1.117427891624569E+021   1.123426499261487E+021   1.129754984778975E+021
   1.136433907398974E+021   1.143485357557448E+021   1.150933096619454E+021
   1.158802712009140E+021   1.167121789754002E+021   1.175920106740407E+021
   1.185229845325681E+021   1.195085833359927E+021   1.205525813150091E+021
   1.216590743463267E+021   1.228325139333133E+021   1.240777455223334E+021
   1.254000518040247E+021   1.268052017606209E+021   1.282995063541759E+021
   1.298898819109958E+021   1.315839224507187E+021   1.333899824418024E+021
   1.353172717480846E+021   1.373759648754387E+021   1.395773270483893E+021
   1.419338601600226E+021   1.444594722739939E+021   1.471696751652996E+021
   1.500818153439305E+021   1.532153451935880E+021   1.565921424705704E+021
   1.602368882796908E+021   1.641775161224793E+021   1.684457476498193E+021
   1.730777347982367E+021   1.781148330376577E+021   1.836045368757373E+021
   1.896016172891015E+021   1.961695114029930E+021   2.033820286442063E+021
   2.113254557305890E+021   2.201011656304491E+021   2.298288655105966E+021
   2.406506566349560E+021   2.527361274947657E+021   2.662887628053961E+021
   2.815540279942787E+021   2.988295839686158E+021   3.184782033082963E+021
   3.409440970252578E+021   3.667735188140344E+021   3.966406821463919E+021
   4.313801837938360E+021   4.720272329382071E+021   5.198669598882222E+021
   5.764937902276265E+021   6.438811053448713E+021   7.244598517260773E+021
   8.212019795714316E+021   9.377000731170032E+021   1.078227822174224E+022
   1.247756955743725E+022   1.451895620279715E+022   1.696703155258602E+022
   1.988331037756099E+022   2.332445551446623E+022   2.733410679440903E+022
   3.193252233966320E+022   3.710479900412999E+022   4.278894070859946E+022
   4.886522062150688E+022   5.514789492554117E+022   6.137934300719795E+022
   6.722547253286597E+022   7.227054569129614E+022   7.601088097234986E+022
   7.785252546459500E+022   7.713122502052322E+022   7.319529431692000E+022
   6.561186951510490E+022   5.452819948888495E+022   4.106215236480416E+022
   2.733059113510776E+022   1.571953191346767E+022   7.691733195978606E+021
   3.182909846071743E+021   1.117571862082740E+021   3.362406279854073E+020
   8.785519766106587E+019   2.023421879392833E+019   4.170490877090362E+018
   7.806876563001057E+017   1.345896349386821E+017   2.164583130045122E+016
   3.285527033734309E+015   4.755115225292805E+014
   1.049708965730164E+021   1.091684174134889E+021   1.096292559548341E+021
   1.101146757188548E+021   1.106261321513882E+021   1.111651817019908E+021
   1.117334898914995E+021   1.123328410254345E+021   1.129651483659701E+021
   1.136324655015263E+021   1.143369989308579E+021   1.150811220114788E+021
   1.158673904466133E+021   1.166985595101648E+021   1.175776032388964E+021
   1.185077358557491E+021   1.194924357289163E+021   1.205354722190971E+021
   1.216409358236543E+021   1.228132720929131E+021   1.240573198726159E+021
   1.253783545201477E+021   1.267821368536995E+021   1.282749687268991E+021
   1.298637562814202E+021   1.315560821226422E+021   1.333602878960408E+021
   1.352855690240242E+021   1.373420837061943E+021   1.395410787055037E+021
   1.418950349545468E+021   1.444178366495557E+021   1.471249683048221E+021
   1.500337451942791E+021   1.531635837906545E+021   1.565363204198468E+021
   1.601765882126316E+021   1.641122649046618E+021   1.683750070601864E+021
   1.730008903255237E+021   1.780311803451553E+021   1.835132653615534E+021
   1.895017900059555E+021   1.960600403856210E+021   2.032616444044512E+021
   2.111926692932514E+021   2.199542209595239E+021   2.296656794618757E+021
   2.404687425910113E+021   2.525324974826342E+021   2.660598010075217E+021
   2.812953259090042E+021   2.985357237200976E+021   3.181424702476511E+021
   3.405580950619697E+021   3.663266507539676E+021   3.961194410046504E+021
   4.307671770293634E+021   4.712998258811489E+021   5.189953712061915E+021
   5.754383916069433E+021   6.425885547428778E+021   7.228575010083684E+021
   8.191897055163981E+021   9.351382253469131E+021   1.074919265081639E+022
   1.243420045492009E+022   1.446123144187989E+022   1.688899348557008E+022
   1.977614100970589E+022   2.317495535667381E+022   2.712230506832896E+022
   3.162790507918378E+022   3.666034749256756E+022   4.213174135646760E+022
   4.788183100266183E+022   5.366203139477154E+022   5.911921977617556E+022
   6.377950311994432E+022   6.703604560179747E+022   6.815653287078125E+022
   6.634889090576691E+022   6.095216000911031E+022   5.181101023619156E+022
   3.975213032909699E+022   2.677169444256289E+022   1.540687875748431E+022
   7.422531841931777E+021   2.961768600195497E+021   9.782283080784442E+020
   2.692911815356366E+020   6.249809475326670E+019   1.239895516246253E+019
   2.134496425412886E+018   3.238177211809998E+017   4.395997259611691E+016
   5.419955803624472E+015   6.154266979231606E+014   6.519057908287328E+013
   6.517204886687414E+012   6.212453002336580E+011
   1.049708965730164E+021   1.091512460708893E+021   1.096111712713779E+021
   1.100956238773788E+021   1.106060556313018E+021   1.111440189704897E+021
   1.117111750648005E+021   1.123093034942965E+021   1.129403123826275E+021
   1.136062497229714E+021   1.143093159130387E+021   1.150518776482084E+021
   1.158364833460854E+021   1.166658803009224E+021   1.175430337958750E+021
   1.184711484355825E+021   1.194536920020150E+021   1.204944221840295E+021
   1.215974165870320E+021   1.227671064952231E+021   1.240083149371717E+021
   1.253262996984414E+021   1.267268020357894E+021   1.282161019799097E+021
   1.298010812725475E+021   1.314892951750014E+021   1.332890546159484E+021
   1.352095204264628E+021   1.372608117507770E+021   1.394541311375746E+021
   1.418019093243249E+021   1.443179733553899E+021   1.470177424733110E+021
   1.499184571684896E+021   1.530394479456741E+021   1.564024519593513E+021
   1.600319875171639E+021   1.639557988966006E+021   1.682053869149836E+021
   1.728166446841658E+021   1.778306229562531E+021   1.832944557857147E+021
   1.892624856260521E+021   1.957976374516684E+021   2.029731051553125E+021
   2.108744312751681E+021   2.196020834144909E+021   2.292746599593821E+021
   2.400328947438590E+021   2.520446773616930E+021   2.655113653758061E+021
   2.806757390862446E+021   2.978320409655661E+021   3.173386528300938E+021
   3.396340939160280E+021   3.652571691725697E+021   3.948722482189163E+021
   4.293007877503210E+021   4.695602766881355E+021   5.169116988341144E+021
   5.729162286217606E+021   6.395009703059281E+021   7.190317741960667E+021
   8.143880402526337E+021   9.290293632023977E+021   1.067036307728706E+022
   1.233097215599246E+022   1.432400140290258E+022   1.670375518225669E+022
   1.952224535724897E+022   2.282165431479620E+022   2.662340144420263E+022
   3.091348263028700E+022   3.562408915213923E+022   4.061183690045582E+022
   4.563325424550054E+022   5.031898117161195E+022   5.415106332700481E+022
   5.645621004269072E+022   5.644631178584868E+022   5.336435718965868E+022
   4.680114023899187E+022   3.715635215963941E+022   2.595443861890266E+022
   1.549470872878099E+022   7.713392782886406E+021   3.150701109990392E+021
   1.049374366866511E+021   2.855021247656204E+020   6.391686681664750E+019
   1.190143679935178E+019   1.867062693430914E+018   2.503280064828950E+017
   2.912258785996222E+016   2.985657043459467E+015   2.739052026509715E+014
   2.282138104695848E+013   1.751159763151157E+012   1.253538067905198E+011
   8.468711001916476E+009   5.455346043358150E+008
   1.049708965730164E+021   1.091146230415349E+021   1.095726008895022E+021
   1.100549914611160E+021   1.105632386132318E+021   1.110988862407746E+021
   1.116635862506127E+021   1.122591081633517E+021   1.128873491647291E+021
   1.135503453388174E+021   1.142502840987565E+021   1.149895179624518E+021
   1.157705798446193E+021   1.165962000613928E+021   1.174693252728709E+021
   1.183931396230578E+021   1.193710883765777E+021   1.204069043984187E+021
   1.215046378781649E+021   1.226686897653539E+021   1.239038494597797E+021
   1.252153373922267E+021   1.266088532403247E+021   1.280906306547267E+021
   1.296674995273006E+021   1.313469570213095E+021   1.331372488109031E+021
   1.350474622527569E+021   1.370876335478893E+021   1.392688713610942E+021
   1.416034998645815E+021   1.441052247898692E+021   1.467893268569861E+021
   1.496728878785504E+021   1.527750559874081E+021   1.561173580016220E+021
   1.597240687509384E+021   1.636226495870902E+021   1.678442712326400E+021
   1.724244400319125E+021   1.774037515333122E+021   1.828288015059220E+021
   1.887532926901590E+021   1.952393857905362E+021   2.023593565183401E+021
   2.101976378016290E+021   2.188533479085686E+021   2.284434335258923E+021
   2.391065925539552E+021   2.510081865655149E+021   2.643464097813490E+021
   2.793600520476877E+021   2.963382793148863E+021   3.156329582036424E+021
   3.376741698594439E+021   3.629896875570074E+021   3.922293186619873E+021
   4.261951066430447E+021   4.658783994232696E+021   5.125046213576901E+021
   5.675860785725510E+021   6.329820259550355E+021   7.109631460997818E+021
   8.042740029644314E+021   9.161812598382787E+021   1.050486778753715E+022
   1.211472630652649E+022   1.403729655039805E+022   1.631803888267601E+022
   1.899579107651230E+022   2.209304070141655E+022   2.560176265667571E+022
   2.946417440886186E+022   3.354830959109893E+022   3.761946949946339E+022
   4.131123664871081E+022   4.410577525012330E+022   4.534563700357773E+022
   4.431910869518864E+022   4.047506328656602E+022   3.378358232235890E+022
   2.509523374399729E+022   1.611878599521260E+022   8.712881430147163E+021
   3.880352917102179E+021   1.405577117118691E+021   4.121009758032689E+020
   9.792696822292128E+019   1.896774692926495E+019   3.021095718632535E+018
   4.001365932724738E+017   4.464838457932128E+016   4.257836189867679E+015
   3.523229754056080E+014   2.569106920657861E+013   1.676384958949663E+012
   9.934513485589249E+010   5.422026763145079E+009   2.760607224679325E+008
   1.326525525669702E+007   607787.562129890200000
   1.049708965730164E+021   1.090368405387788E+021   1.094906852683425E+021
   1.099686996009621E+021   1.104723107047919E+021   1.110030443986938E+021
   1.115625329918470E+021   1.121525247255908E+021   1.127748936520866E+021
   1.134316506721807E+021   1.141249557465497E+021   1.148571314241458E+021
   1.156306778553158E+021   1.164482894811458E+021   1.173128736189709E+021
   1.182275711971438E+021   1.191957799309826E+021   1.202211802773871E+021
   1.213077645592470E+021   1.224598697140620E+021   1.236822141961092E+021
   1.249799396504227E+021   1.263586580827302E+021   1.278245053759662E+021
   1.293842021555353E+021   1.310451231877403E+021   1.328153767156917E+021
   1.347038954033473E+021   1.367205408821130E+021   1.388762242896436E+021
   1.411830456718561E+021   1.436544557142637E+021   1.463054440254213E+021
   1.491527590879283E+021   1.522151660978161E+021   1.555137504191217E+021
   1.590722761148993E+021   1.629176113152208E+021   1.670802349861609E+021
   1.715948434023751E+021   1.765010792667150E+021   1.818444122946005E+021
   1.876772078749399E+021   1.940600300852694E+021   2.010632379005310E+021
   2.087689497330328E+021   2.172734716798167E+021   2.266903112181839E+021
   2.371539311157127E+021   2.488244397217375E+021   2.618934653586565E+021
   2.765915255402222E+021   2.931972768374099E+021   3.120491185437069E+021
   3.335597190350491E+021   3.582341295645134E+021   3.866922272608803E+021
   4.196962515786721E+021   4.581841011654838E+021   5.033087281552477E+021
   5.564832184482723E+021   6.194296840298209E+021   6.942274746203316E+021
   7.833518216256900E+021   8.896870614462780E+021   1.016488179432617E+022
   1.167249888652010E+022   1.345423839759007E+022   1.553903501958067E+022
   1.794177296476443E+022   2.065043005155091E+022   2.360797467916032E+022
   2.668896701901851E+022   2.967282862227741E+022   3.222005833532519E+022
   3.386589655894400E+022   3.405878779010763E+022   3.228274530364810E+022
   2.829005129874510E+022   2.239038826336675E+022   1.558821233585957E+022
   9.293845654015053E+021   4.633372797682922E+021   1.896838845009665E+021
   6.304585103236111E+020   1.692292761881805E+020   3.666572993508014E+019
   6.432873068615276E+018   9.197120606320933E+017   1.081194350154442E+017
   1.056922397929198E+016   8.704311233183027E+014   6.126480986767702E+013
   3.741592792518424E+012   2.013683154985053E+011   9.697864559312059E+009
   4.241723576494757E+008   1.708640974892914E+007   642077.099914076900000
    22771.496493051100000      770.053980339739400
   1.049708965730164E+021   1.088540449600519E+021   1.092981915138558E+021
   1.097659387163740E+021   1.102586748319703E+021   1.107778835565030E+021
   1.113251515469477E+021   1.119021774939289E+021   1.125107816018876E+021
   1.131529161764881E+021   1.138306773296596E+021   1.145463179384821E+021
   1.153022620161383E+021   1.161011206758524E+021   1.169457098953546E+021
   1.178390703204779E+021   1.187844893828322E+021   1.197855260491053E+021
   1.208460385696261E+021   1.219702156528732E+021   1.231626115624041E+021
   1.244281857154342E+021   1.257723474606923E+021   1.272010068305544E+021
   1.287206322029253E+021   1.303383159769890E+021   1.320618495701661E+021
   1.338998092893464E+021   1.358616549277331E+021   1.379578433020787E+021
   1.401999593867924E+021   1.426008682466521E+021   1.451748916634745E+021
   1.479380141650720E+021   1.509081241687563E+021   1.541052973265937E+021
   1.575521307263215E+021   1.612741386827679E+021   1.653002233742065E+021
   1.696632369425108E+021   1.744006558236284E+021   1.795553932944985E+021
   1.851767831377341E+021   1.913217758115685E+021   1.980563994741096E+021
   2.054575523235873E+021   2.136152099641827E+021   2.226351537339441E+021
   2.326423532143568E+021   2.437851695202877E+021   2.562405862469024E+021
   2.702207220303401E+021   2.859809311523411E+021   3.038298536467610E+021
   3.241418257754290E+021   3.473720908392718E+021   3.740752308600338E+021
   4.049271224457649E+021   4.407504204701413E+021   4.825429506152628E+021
   5.315072226717504E+021   5.890772157632073E+021   6.569351336070026E+021
   7.370053086124598E+021   8.314040414193663E+021   9.423121638953004E+021
   1.071721346615860E+022   1.220987100714996E+022   1.390106148106148E+022
   1.576635461917375E+022   1.774209309591370E+022   1.970733110269478E+022
   2.146607682638173E+022   2.273844204392441E+022   2.317674145795288E+022
   2.242914616711859E+022   2.026807456449919E+022   1.676330321386356E+022
   1.240363627214147E+022   8.015046847774189E+021   4.419169757521014E+021
   2.037544278032139E+021   7.734039272795059E+020   2.390548450724456E+020
   5.977138701011087E+019   1.205351565248249E+019   1.961220320604351E+018
   2.583751344150719E+017   2.773733689557407E+016   2.448391047583981E+015
   1.797147011709377E+014   1.111317819050158E+013   5.873247424058004E+011
   2.693314465088257E+010   1.088391186180078E+009   3.935802790656585E+007
  1292596.315796243000000    39096.214012198220000     1103.149577395968000
       29.376640620296610   7.459248294967370E-001
   1.049708965730164E+021   1.084347954132098E+021   1.088567784016417E+021
   1.093010698181850E+021   1.097689703664933E+021   1.102618690145476E+021
   1.107812498422466E+021   1.113287003012352E+021   1.119059198198612E+021
   1.125147294022356E+021   1.131570822241855E+021   1.138350753455582E+021
   1.145509626774960E+021   1.153071693628548E+021   1.161063077508326E+021
   1.169511951735269E+021   1.178448737632408E+021   1.187906325857317E+021
   1.197920324072415E+021   1.208529334632893E+021   1.219775266563118E+021
   1.231703686791093E+021   1.244364216438931E+021   1.257810978952387E+021
   1.272103108027597E+021   1.287305324699377E+021   1.303488594644006E+021
   1.320730878783944E+021   1.339117992742245E+021   1.358744593680789E+021
   1.379715316666312E+021   1.402146087150129E+021   1.426165641808937E+021
   1.451917296519611E+021   1.479561008245669E+021   1.509275788742532E+021
   1.541262540318289E+021   1.575747400368104E+021   1.612985700998900E+021
   1.653266676358274E+021   1.696919082128455E+021   1.744317931133986E+021
   1.795892601199169E+021   1.852136633646171E+021   1.913619619998259E+021
   1.981001674335096E+021   2.055051105338605E+021   2.136666047799155E+021
   2.226900981242738E+021   2.326999252557345E+021   2.438432922284302E+021
   2.562951447648017E+021   2.702640854681818E+021   2.859995065511546E+021
   3.038000794578188E+021   3.240236682543601E+021   3.470985712187901E+021
   3.735356823547191E+021   4.039406021628234E+021   4.390237613611870E+021
   4.796050258163422E+021   5.266067085196420E+021   5.810250260347701E+021
   6.438643930318644E+021   7.160113438843241E+021   7.980158296423570E+021
   8.897394676278005E+021   9.898289908866032E+021   1.094991189517080E+022
   1.199105324848983E+022   1.292342675921651E+022   1.360701093792738E+022
   1.386690379687654E+022   1.352162212466538E+022   1.244026427999224E+022
   1.062148569095429E+022   8.258522982504179E+021   5.729505556080021E+021
   3.473883257578883E+021   1.804805520758714E+021   7.894924638018424E+020
   2.865437122871364E+020   8.529082230225777E+019   2.064123625935557E+019
   4.038762972555722E+018   6.372642932339168E+017   8.112696770232566E+016
   8.362152374423177E+015   7.023596940119092E+014   4.850682451424250E+013
   2.785690534659086E+012   1.347766743975631E+011   5.572908959263207E+009
   1.999483885232167E+008  6321833.509409693000000   178862.196814975900000
     4595.950453954296000      108.761282733434700        2.401050054563119
   5.002604097547293E-002   9.938395168462100E-004
   1.049708965730164E+021   1.073488034069075E+021   1.077138926740757E+021
   1.080980250813014E+021   1.085022851847836E+021   1.089278286064255E+021
   1.093758872947903E+021   1.098477758930737E+021   1.103448983170974E+021
   1.108687550711642E+021   1.114209512898365E+021   1.120032055886075E+021
   1.126173598195058E+021   1.132653898406014E+021   1.139494174234467E+021
   1.146717234399177E+021   1.154347624901343E+021   1.162411791566035E+021
   1.170938260970676E+021   1.179957842204355E+021   1.189503852275009E+021
   1.199612368419344E+021   1.210322511085330E+021   1.221676761964421E+021
   1.233721322168942E+021   1.246506516502080E+021   1.260087250781604E+021
   1.274523530388218E+021   1.289881049658082E+021   1.306231863479330E+021
   1.323655154522690E+021   1.342238112065543E+021   1.362076941635564E+021
   1.383278028242331E+021   1.405959280222794E+021   1.430251687061421E+021
   1.456301130846906E+021   1.484270499760172E+021   1.514342161693228E+021
   1.546720869538135E+021   1.581637184913450E+021   1.619351524970904E+021
   1.660158960647439E+021   1.704394919751597E+021   1.752441978222727E+021
   1.804737957443094E+021   1.861785575822257E+021   1.924163933588565E+021
   1.992542125081636E+021   2.067695259878224E+021   2.150523109664017E+021
   2.242071440490467E+021   2.343555774229722E+021   2.456386754898325E+021
   2.582195319031465E+021   2.722854259783356E+021   2.880490193870022E+021
   3.057475912339220E+021   3.256386971697714E+021   3.479897352023148E+021
   3.730576233665117E+021   4.010530916288442E+021   4.320820372464720E+021
   4.660543778126137E+021   5.025499021293125E+021   5.406330143126331E+021
   5.786181172628420E+021   6.138110618078101E+021   6.422970306486226E+021
   6.589144571546091E+021   6.576332983094619E+021   6.325893472154786E+021
   5.799029021596927E+021   4.999992600916850E+021   3.994622183098370E+021
   2.909070896547090E+021   1.897948804889896E+021   1.090021927326283E+021
   5.417046594426037E+020   2.292268792293030E+020   8.139215709306821E+019
   2.394114806866115E+019   5.771855431979257E+018   1.131157402846357E+018
   1.792196020764301E+017   2.289813261157907E+016   2.360410055811562E+015
   1.970069992219203E+014   1.339875519098234E+013   7.492883743788812E+011
   3.484338136972186E+010   1.365033901925294E+009   4.570375949539125E+007
  1327789.290176844000000    33993.476571468050000      778.775651797857600
       16.203559131178190   3.104921873453095E-001   5.550330512853896E-003
   9.363862799323924E-005   1.506317230745968E-006
   1.049708965730164E+021   1.035298564086846E+021   1.037008545284911E+021
   1.038803426116660E+021   1.040687625426523E+021   1.042665812546594E+021
   1.044742922213077E+021   1.046924173054037E+021   1.049215085898303E+021
   1.051621503900912E+021   1.054149614265779E+021   1.056805971709124E+021
   1.059597523829646E+021   1.062531638569161E+021   1.065616133967803E+021
   1.068859310440951E+021   1.072269985830990E+021   1.075857533516327E+021
   1.079631923893255E+021   1.083603769583776E+021   1.087784374765119E+021
   1.092185789065064E+021   1.096820866522287E+021   1.101703330173729E+021
   1.106847842902740E+021   1.112270085263827E+021   1.117986841093910E+021
   1.124016091828104E+021   1.130377120562386E+021   1.137090627048976E+021
   1.144178854951835E+021   1.151665732874938E+021   1.159577031057063E+021
   1.167940535694687E+021   1.176786242871038E+021   1.186146575008136E+021
   1.196056622594460E+021   1.206554414507641E+021   1.217681219967480E+021
   1.229481885867641E+021   1.242005212748728E+021   1.255304371064556E+021
   1.269437358331857E+021   1.284467492574491E+021   1.300463929939993E+021
   1.317502182773446E+021   1.335664590861349E+021   1.355040665612216E+021
   1.375727172654898E+021   1.397827735236790E+021   1.421451617674066E+021
   1.446711167618882E+021   1.473717136067348E+021   1.502570733789217E+021
   1.533350792581235E+021   1.566093758591970E+021   1.600763443523164E+021
   1.637206530347747E+021   1.675088888717134E+021   1.713807079784044E+021
   1.752369595970260E+021   1.789244442244802E+021   1.822175397024255E+021
   1.847981354740782E+021   1.862374882957297E+021   1.859870359526789E+021
   1.833897837542345E+021   1.777284929917422E+021   1.683284880572512E+021
   1.547257857132313E+021   1.368883128062311E+021   1.154360476621301E+021
   9.175643180410288E+020   6.789003016212911E+020   4.611866860348462E+020
   2.834331709012006E+020   1.551811142597825E+020   7.451112698293458E+019
   3.089047886240820E+019   1.089224461492929E+019   3.221157817329805E+018
   7.889927399971167E+017   1.583859612835093E+017   2.584581577856081E+016
   3.409704702988328E+015   3.627395542216353E+014   3.113477904375682E+013
   2.163731907292529E+012   1.225320510870691E+011   5.705552454415320E+009
   2.209186900559808E+008  7206411.532031467000000   200905.119842758100000
     4859.948833107929000      103.600434138138100        1.976249687430269
   3.423760084615148E-002   5.462696091125342E-004   8.130900850928227E-006
   1.142189907688123E-007   1.529900468402502E-009
   1.049708965730164E+021   8.958283559316487E+020   8.912679227141464E+020
   8.865248931939109E+020   8.815935084532474E+020   8.764679710357146E+020
   8.711424617075514E+020   8.656111545874306E+020   8.598682361467694E+020
   8.539079254843414E+020   8.477244964740564E+020   8.413123018601545E+020
   8.346657993616303E+020   8.277795798380384E+020   8.206483975567663E+020
   8.132672025874574E+020   8.056311753323826E+020   7.977357631820300E+020
   7.895767192628601E+020   7.811501432189425E+020   7.724525239409608E+020
   7.634807841247916E+020   7.542323265075527E+020   7.447050815917181E+020
   7.348975566277756E+020   7.248088855831506E+020   7.144388797800666E+020
   7.037880788380696E+020   6.928578015086294E+020   6.816501959402024E+020
   6.701682888490181E+020   6.584160330217024E+020   6.463983526217881E+020
   6.341211856108834E+020   6.215915224129240E+020   6.088174402597259E+020
   5.958081323158267E+020   5.825739307453845E+020   5.691263225110170E+020
   5.554779568586929E+020   5.416426430409367E+020   5.276353360909846E+020
   5.134721082511621E+020   4.991701020895739E+020   4.847474597260709E+020
   4.702232206855582E+020   4.556171766023132E+020   4.409496669470264E+020
   4.262412936672541E+020   4.115125248130800E+020   3.967831483788631E+020
   3.820715278868342E+020   3.673936015527863E+020   3.527615604096883E+020
   3.381821400273447E+020   3.236544714451500E+020   3.091674670485193E+020
   2.946967779068894E+020   2.802014659372598E+020   2.656207072030242E+020
   2.508711059505288E+020   2.358455740332759E+020   2.204152234149787E+020
   2.044362899671893E+020   1.877646107752028E+020   1.702802922324982E+020
   1.519243500795816E+020   1.327464435080119E+020   1.129575574010176E+020
   9.297358133380594E+019   7.342726319630501E+019   5.512240676460714E+019
   3.891360725611176E+019   2.552317907779138E+019   1.534836656181990E+019
   8.342126446094260E+018   4.036895133481679E+018   1.712651987472425E+018
   6.272521120255508E+017   1.953775445283790E+017   5.103851979166357E+016
   1.104293091038934E+016   1.958178613901921E+015   2.822603445351096E+014
   3.289276108352686E+013   3.091024171245944E+012   2.343566036339069E+011
   1.438662016612007E+010   7.196626307038658E+008   2.960062436653964E+007
  1012417.280327484000000    29172.259617539080000      718.399357718738400
       15.350783563622430   2.890575700173819E-001   4.870667766839651E-003
   7.453734816757284E-005   1.050513344760815E-006   1.381201748985863E-008
   1.713881114930840E-010   2.027820331365860E-012
   1.049708965730164E+021   5.254609609560835E+020   5.112755269819549E+020
   4.969543305753389E+020   4.825158726799631E+020   4.679796800237620E+020
   4.533662439091350E+020   4.386969481133038E+020   4.239939851020761E+020
   4.092802611477730E+020   3.945792906466140E+020   3.799150801955075E+020
   3.653120031802590E+020   3.507946658204702E+020   3.363877658060797E+020
   3.221159448419092E+020   3.080036365848088E+020   2.940749116080935E+020
   2.803533211551063E+020   2.668617415433885E+020   2.536222211490313E+020
   2.406558319338975E+020   2.279825274739300E+020   2.156210094030240E+020
   2.035886041033437E+020   1.919011513500014E+020   1.805729064574155E+020
   1.696164572792518E+020   1.590426571876016E+020   1.488605749049283E+020
   1.390774617871879E+020   1.296987368717644E+020   1.207279897298098E+020
   1.121670008435057E+020   1.040157789242925E+020   9.627261438664140E+019
   8.893414788372785E+019   8.199545261181977E+019   7.545012885480053E+019
   6.929040913074248E+019   6.350727214687839E+019   5.809056363838889E+019
   5.302912216792765E+019   4.831090786866674E+019   4.392313212390176E+019
   3.985238624948518E+019   3.608476720897280E+019   3.260599854171637E+019
   2.940154478606547E+019   2.645671783987037E+019   2.375677395471985E+019
   2.128700039037374E+019   1.903279117343523E+019   1.697971200052824E+019
   1.511355505541802E+019   1.342038543417598E+019   1.188658198319087E+019
   1.049887668103749E+019   9.244398230133555E+018   8.110727229789519E+018
   7.085972077653849E+018   6.158876259811031E+018   5.318968273582114E+018
   4.556763766269402E+018   3.864023293142887E+018   3.234055241633254E+018
   2.662028467452134E+018   2.145221558960976E+018   1.683090509302562E+018
   1.277001807248090E+018   9.294884984009171E+017   6.429871156277596E+017
   4.182272703382492E+017   2.527240008939079E+017   1.400074330798965E+017
   7.010170634130443E+016   3.125030951416768E+016   1.221313500471665E+016
   4.120497693520858E+015   1.182309182581619E+015   2.845136756427221E+014
   5.670717707075648E+013   9.263061702527791E+012   1.229987498779309E+012
   1.320382427957284E+011   1.143010925692951E+010   7.983140100999929E+008
   4.514440237726702E+007  2080284.138469641000000    78821.219972687530000
     2483.421319130814000       65.918831564577770        1.495388172191510
   2.943520937882175E-002   5.105867064667421E-004   7.925419113646562E-006
   1.117265127918364E-007   1.450549169658762E-009   1.756857657015957E-011
   2.008208146901486E-013   2.188799996517674E-015
   1.049708965730164E+021   1.477416138119699E+020   1.380036905413789E+020
   1.286706496731152E+020   1.197458762423063E+020   1.112309493485028E+020
   1.031256819936512E+020   9.542817570842670E+019   8.813489093860498E+019
   8.124073087251110E+019   7.473913739170393E+019   6.862219749994920E+019
   6.288075846573501E+019   5.750454984147457E+019   5.248231048940681E+019
   4.780191874979021E+019   4.345052392927764E+019   3.941467736341922E+019
   3.568046141335763E+019   3.223361488863933E+019   2.905965354092803E+019
   2.614398444228875E+019   2.347201324156316E+019   2.102924347822395E+019
   1.880136732026554E+019   1.677434727681451E+019   1.493448861334312E+019
   1.326850236430097E+019   1.176355899188363E+019   1.040733287838339E+019
   9.188037961375987E+018   8.094454925464663E+018   7.115950451646791E+018
   6.242489091611507E+018   5.464638384260387E+018   4.773567869976346E+018
   4.161042673116019E+018   3.619412329406962E+018   3.141595525280282E+018
   2.721061400286844E+018   2.351808034582324E+018   2.028338707202532E+018
   1.745636472756841E+018   1.499137556754831E+018   1.284704023034512E+018
   1.098596119378345E+018   9.374446556508579E+017   7.982237232111082E+017
   6.782240177374911E+017   5.750269842029581E+017   4.864799633489592E+017
   4.106724828710615E+017   3.459138037709028E+017   2.907118042976685E+017
   2.437532587823533E+017   2.038855470662412E+017   1.700998112088419E+017
   1.415155596522169E+017   1.173667043831288E+017   9.698900310580611E+016
   7.980886495004198E+016   6.533346200383280E+016   5.314206586900362E+016
   4.287849172369023E+016   3.424447280350236E+016   2.699369834098883E+016
   2.092612820676486E+016   1.588207038593241E+016   1.173543611455815E+016
   8.385684518239514E+015   5.748375006453051E+015   3.745040739324911E+015
   2.294136368217083E+015   1.305586308369615E+015   6.811804441645799E+014
   3.212118173708332E+014   1.348556133508076E+014   4.963563852569224E+013
   1.577131362799215E+013   4.261877755882833E+012   9.658836268136030E+011
   1.813056831501076E+011   2.789200135094357E+010   3.488008618443482E+009
   3.526373581208465E+008   2.874952649484087E+007  1891062.126771340000000
   100713.499189483200000     4370.772140401595000      155.966164526964500
        4.627957650102858   1.156911673220718E-001   2.471703513718793E-003
   4.582065513889071E-005   7.485406668139193E-007   1.094258340639617E-008
   1.452799235728407E-010   1.776370470333653E-012   2.026233061491920E-014
   2.181289342424598E-016   2.239042635947043E-018
   1.049708965730164E+021   1.673988183790459E+019   1.490324426445366E+019
   1.324024575009145E+019   1.173806539682882E+019   1.038438689940811E+019
   9.167434155948653E+018   8.075998173427243E+018   7.099456230337870E+018
   6.227783624528163E+018   5.451558676291897E+018   4.761961640354026E+018
   4.150768198704598E+018   3.610338210717158E+018   3.133600389054617E+018
   2.714033551204813E+018   2.345645068809220E+018   2.022947101948687E+018
   1.740931164872099E+018   1.495041524849209E+018   1.281147888331840E+018
   1.095517779714807E+018   9.347889688455781E+017   7.959422550288870E+017
   6.762748684394278E+017   5.733747052677800E+017   4.850955711081706E+017
   4.095335684399747E+017   3.450047288196051E+017   2.900239587344026E+017
   2.432853400201639E+017   2.036438012908831E+017   1.700981558792438E+017
   1.417754840759197E+017   1.179168229126342E+017   9.786411517904245E+016
   8.104836024238694E+016   6.697890261382614E+016   5.523378959558231E+016
   4.545112664783582E+016   3.732135789446926E+016   3.058039930322536E+016
   2.500355334614331E+016   2.040013600637082E+016   1.660874980657260E+016
   1.349313986347993E+016   1.093857361213433E+016   8.848688793993053E+015
   7.142758335974434E+015   5.753324823110153E+015   4.624161307237308E+015
   3.708519121967406E+015   2.967627143171882E+015   2.369410520865408E+015
   1.887400269979295E+015   1.499808237726625E+015   1.188744851153389E+015
   9.395596922358779E+014   7.402873521170452E+014   5.811831874307735E+014
   4.543355489671589E+014   3.533427792580246E+014   2.730447847061442E+014
   2.093002789490711E+014   1.588018677585880E+014   1.189220247418234E+014
   8.758375166272972E+013   6.315045988317489E+013   4.433057440835602E+013
   3.009382267868861E+013   1.959831057676501E+013   1.213011140463300E+013
   7.059308624168856E+012   3.816657778725586E+012   1.891796849840106E+012
   8.474977100459357E+011   3.380264928186292E+011   1.181979694530295E+011
   3.567951667249632E+010   9.159816528865499E+009   1.972174241376729E+009
   3.516953184704750E+008   5.140075984267663E+007  6106636.970112749000000
   586526.399268205500000    45428.106272148750000     2838.797574488631000
      143.631933155773700        5.921833307117206   2.007534863671694E-001
   5.659222534511924E-003   1.344009351663274E-004   2.727929574458370E-006
   4.804329278564956E-008   7.456268910648282E-010   1.035525314374428E-011
   1.306114193656124E-013   1.517203315496293E-015   1.644123084583395E-017
   1.681484618930686E-019   1.639746365174959E-021
   1.049708965730164E+021   1.378394194013417E+018   1.179860746807221E+018
   1.007771638058113E+018   8.589490675433853E+017   7.305441292402269E+017
   6.200106390675663E+017   5.250798714828386E+017   4.437363964813326E+017
   3.741951136759263E+017   3.148795711908043E+017   2.644016230768198E+017
   2.215424528015864E+017   1.852349677645244E+017   1.545475505866507E+017
   1.286691369434868E+017   1.068955767256782E+017   8.861722507877608E+016
   7.330770212842155E+016   6.051375467012667E+016   4.984614952444825E+016
   4.097152636536682E+016   3.360513736998211E+016   2.750440177389380E+016
   2.246320512899774E+016   1.830687554829258E+016   1.488777230528959E+016
   1.208142567392308E+016   9.783170708961406E+015   7.905221656932667E+015
   6.374137752098607E+015   5.128635207548293E+015   4.117704190120376E+015
   3.298993413299414E+015   2.637428657236887E+015   2.104035000523903E+015
   1.674935797101372E+015   1.330504450028177E+015   1.054647811406895E+015
   8.342025787008781E+014   6.584283629699421E+014   5.185831850246033E+014
   4.075690226585784E+014   3.196366958569800E+014   2.501408539313169E+014
   1.953371321763056E+014   1.522146897613112E+014   1.183583418285579E+014
   9.183536937780297E+013   7.110284491604680E+013   5.493196272469964E+013
   4.234642164225698E+013   3.257238650915818E+013   2.499796207132277E+013
   1.914045909149530E+013   1.462002500976734E+013   1.113845800679642E+013
   8.462230308129313E+012   6.408919749751722E+012   4.836393022485737E+012
   3.634203994358140E+012   2.716769803898768E+012   2.017969252494890E+012
   1.486875152767860E+012   1.084387095319963E+012   7.805757713526772E+011
   5.525866058512731E+011   3.829811196297899E+011   2.584212618798242E+011
   1.686266759518435E+011   1.055581072540871E+011   6.280030968470263E+010
   3.513040868875540E+010   1.825695271905753E+010   8.698484729511034E+009
   3.745688675900506E+009   1.436044576838035E+009   4.826710317589971E+008
   1.400503565423325E+008   3.456018576352061E+007  7152512.289632455000000
  1226038.067897970000000   172238.781327230800000    19669.238423119600000
     1815.921386862363000      135.194227794497100        8.120672182165746
   3.949413410631888E-001   1.565171049590764E-002   5.100265229299144E-004
   1.382007736222626E-005   3.154859552016410E-007   6.155097416555850E-009
   1.041978071429036E-010   1.554430873826922E-012   2.075078871151616E-014
   2.515817156454368E-016   2.809090595010888E-018   2.926040459409523E-020
   2.876490446914417E-022   2.696315765421286E-024
   1.049708965730164E+021   4.996699955957254E+016   4.107194919550138E+016
   3.368839810577004E+016   2.757327829700763E+016   2.252005447902184E+016
   1.835369270357832E+016   1.492624129225156E+016   1.211296436302232E+016
   9.808969812055002E+015   7.926278562758551E+015   6.391285786696327E+015
   5.142568856300246E+015   4.129000768711106E+015   3.308131628906354E+015
   2.644804457539107E+015   2.109975064691604E+015   1.679708984797413E+015
   1.334331488262712E+015   1.057709466610342E+015   8.366465306598864E+014
   6.603749701818021E+014   5.201303069184200E+014   4.087960417218317E+014
   3.206078635112970E+014   2.509080666716290E+014   1.959422289126343E+014
   1.526913482069052E+014   1.187336397934898E+014   9.213106653663822E+013
   7.133643169905928E+013   5.511751520666983E+013   4.249529465791870E+013
   3.269377163174584E+013   2.509933237170544E+013   1.922791878534207E+013
   1.469857903101479E+013   1.121221418617370E+013   8.534545051274646E+012
   6.482496814146456E+012   4.913344075732284E+012   3.716079029954416E+012
   2.804565203829005E+012   2.112121358767725E+012   1.587247770820152E+012
   1.190262543112753E+012   8.906609012878184E+011   6.650473305460414E+011
   4.955203797508670E+011   3.684142182947310E+011   2.733206109058297E+011
   2.023307282223829E+011   1.494488466519526E+011   1.101400968514819E+011
   8.098247778613026E+010   5.939975952846384E+010   4.345697618941344E+010
   3.170422446395877E+010   2.305764708504862E+010   1.670896699023178E+010
   1.205688663392177E+010   8.655189452322308E+009   6.173566670542038E+009
   4.368113987145852E+009   3.059156255689945E+009   2.114609834380112E+009
   1.437518344506947E+009   9.567275212756641E+008   6.199219391507512E+008
   3.884480123731361E+008   2.335049437115345E+008   1.334025501512997E+008
   7.166108996089117E+007   3.576237551465175E+007   1.636211853422205E+007
  6765898.340681190000000  2490918.810354289000000   803971.672190219900000
   224012.158978428900000    53083.714166917090000    10549.738808706020000
     1736.540477033539000      234.266268857832900       25.690006981793360
        2.277569204773919   1.628285475607788E-001   9.392089868657865E-003
   4.386324098390963E-004   1.669274613222677E-005   5.223439928287361E-007
   1.359164986928038E-008   2.979473966997765E-010   5.582032450469366E-012
   9.074315317245596E-014   1.299943753302679E-015   1.666424404464801E-017
   1.940117102934430E-019   2.080235370049613E-021   2.080774028812333E-023
   1.964289017897451E-025   1.768117263466138E-027
   1.049708965730164E+021   1.824271381709354E+015   1.450286281871273E+015
   1.150511595149563E+015   9.107542942985842E+014   7.194231675389831E+014
   5.670750989061459E+014   4.460357831659756E+014   3.500836203456126E+014
   2.741869924001586E+014   2.142865288230969E+014   1.671151633729609E+014
   1.300498368388072E+014   1.009896184195450E+014   7.825581460826484E+013
   6.051032251708569E+013   4.668907658153417E+013   3.594794487519868E+013
   2.761886423894839E+013   2.117437153717442E+013   1.619900012550436E+013
   1.236627368986916E+013   9.420250791946139E+012   7.160758738374577E+012
   5.431610059116348E+012   4.111223545223775E+012   3.105178464771663E+012
   2.340318711091149E+012   1.760096218374173E+012   1.320902555776487E+012
   9.891863545074231E+011   7.391939755140895E+011   5.512031440659119E+011
   4.101454697735019E+011   3.045349325990551E+011   2.256364609590863E+011
   1.668224154172439E+011   1.230757501904963E+011   9.060737203471410E+010
   6.656217798059000E+010   4.879377770784962E+010   3.569227738650268E+010
   2.605295037848991E+010   1.897633297035497E+010   1.379241139044041E+010
   1.000323096652849E+010   7.239556642244976E+009   5.228224043884151E+009
   3.767603652207100E+009   2.709206593965689E+009   1.943928007407234E+009
   1.391783526462917E+009   9.942703025275376E+008   7.086950624616914E+008
   5.039727637257198E+008   3.575219789866488E+008   2.529761715306900E+008
   1.785004431940013E+008   1.255565012691440E+008   8.799862201379547E+007
   6.141345078536613E+007   4.263899450928549E+007   2.941498097453406E+007
   2.012928945691659E+007   1.363446795396447E+007  9115255.273375597000000
  5993134.665898254000000  3857722.294200293000000  2417585.003878550000000
  1465141.949804588000000   851814.311236638800000   470668.395465512200000
   244532.376088524100000   118027.000537220100000    52227.182643028270000
    20887.409694282760000     7437.393199075305000     2321.688604224049000
      625.657806274136800      143.393224478447600       27.562022898213850
        4.387896200146040   5.725102258241592E-001   6.072111849712855E-002
   5.206539594314018E-003   3.600063782646665E-004   2.008370986071352E-005
   9.071612065886338E-007   3.338978277198832E-008   1.010518950786538E-009
   2.543092102296565E-011   5.391772495398847E-013   9.769815754765361E-015
   1.536066210277648E-016   2.128250205370627E-018   2.638674333093888E-020
   2.971188274917756E-022   3.081177782879981E-024   2.980789122989917E-026
   2.721534071427166E-028   2.369307911291034E-030
   1.049708965730164E+021   6.689218456484278E+013   5.165611355839759E+013
   3.980531294575687E+013   3.060788513880603E+013   2.348543269090847E+013
   1.798194954073326E+013   1.373877303539096E+013   1.047447076888222E+013
   7.968731518107172E+012   6.049497008053361E+012   4.582709240009697E+012
   3.464162898991370E+012   2.613047320281543E+012   1.966840799757491E+012
   1.477284388612729E+012   1.107215033288631E+012   8.280809711544725E+011
   6.179973341306644E+011   4.602283462452632E+011   3.420055015063719E+011
   2.536096565668670E+011   1.876598847872991E+011   1.385638910686995E+011
   1.020943388853297E+011   7.506305184985913E+010   5.507109853556644E+010
   4.031755874768061E+010   2.945355227875455E+010   2.147109037434851E+010
   1.561864970523853E+010   1.133720070223442E+010   8.211852704865882E+009
   5.935392343477048E+009   4.280856584266398E+009   3.080951695909991E+009
   2.212646644820544E+009   1.585667768715538E+009   1.133927504622036E+009
   8.091542654092120E+008   5.761695407300638E+008   4.093946473151802E+008
   2.902731469995952E+008   2.053734456966238E+008   1.449954080219839E+008
   1.021495342426209E+008   7.181085757451925E+007   5.037492136741689E+007
   3.526204122701395E+007   2.463011343700687E+007   1.716668797788874E+007
   1.193878349982942E+007  8284664.032577152000000  5736036.270087121000000
  3962247.469009810000000  2730356.299473845000000  1876628.220406679000000
  1286233.966909685000000   878824.041539060500000   598302.260761890900000
   405592.879134512600000   273536.839108385200000   183298.744164810900000
   121843.232163132700000    80166.552967589840000    52060.207954479120000
    33248.583511845920000    20788.929224525720000    12655.081935550600000
     7449.805938776730000     4207.191084029929000     2258.106343247825000
     1139.587743925175000      534.287262659826300      229.652986537471300
       89.215873614611130       30.857471603460450        9.356762667382847
        2.449291978304516   5.452734749930455E-001   1.018072903401785E-001
   1.574367743863078E-002   1.995331847814463E-003   2.055671417829975E-004
   1.712163200635972E-005   1.149974543939025E-006   6.231663853361775E-008
   2.734176828299300E-009   9.775472773787780E-011   2.873761272076152E-012
   7.025065257663751E-014   1.446777949810323E-015   2.546471055805533E-017
   3.889057415587223E-019   5.234065478734037E-021   6.303537030801833E-023
   6.894626382197134E-025   6.945113865420192E-027   6.526433451257740E-029
   5.788159435405966E-031   4.894747154582290E-033
   1.049708965730164E+021   6.568616109627827E+011   4.893879850446335E+011
   3.638360182564652E+011   2.699175003413445E+011   1.998155849746709E+011
   1.476048541222440E+011   1.088040062374709E+011   8.003171050809157E+010
   5.874247993671129E+010   4.302445928603521E+010   3.144499503088547E+010
   2.293298597959791E+010   1.668947388529338E+010   1.211986138257912E+010
   8.782650989736027E+009   6.350772603286059E+009   4.582478816661206E+009
   3.299493940569187E+009   2.370648525673933E+009   1.699651846086419E+009
   1.215978052752986E+009   8.680894298983438E+008   6.184095185024065E+008
   4.396031833485627E+008   3.118304040326031E+008   2.207237427985474E+008
   1.559023321685798E+008   1.098826533069278E+008   7.728204916945431E+007
   5.423767771518806E+007   3.798363367423245E+007   2.654391005275403E+007
   1.850999283386035E+007   1.288013957668360E+007  8943507.026326321000000
  6196808.837470111000000  4284511.435937918000000  2956020.692549910000000
  2035103.870770324000000  1398101.238233901000000   958436.969506243100000
   655633.794142456800000   447539.973132929800000   304842.042336615900000
   207200.155629673400000   140532.532290089400000    95111.758736871150000
    64233.317422247770000    43286.491649972110000    29107.543933524620000
    19530.447627125780000    13075.553862122930000     8734.341213841240000
     5820.937472136985000     3869.935565750816000     2566.230870709716000
     1696.955793035417000     1118.627665716890000      734.746190554234300
      480.551672539721200      312.678966573021700      202.150772677588000
      129.643396238807200       82.295345124149460       51.560964390066940
       31.770302745090300       19.165201889723370       11.255876297410290
        6.392818617092704        3.483154449425201        1.803673638519580
   8.782019747815909E-001   3.972414263717590E-001   1.647346212743163E-001
   6.174303720025357E-002   2.060341768321309E-002   6.027505495470449E-003
   1.522248776512074E-003   3.269584137149314E-004   5.889658269112648E-005
   8.787199241860248E-006   1.074465554493331E-006   1.067982490865258E-007
   8.582003080774244E-009   5.561152526600727E-010   2.907459480285328E-011
   1.230748522122602E-012   4.245350651917328E-014   1.204091683998320E-015
   2.839829749195339E-017   5.642569213595294E-019   9.581794015645984E-021
   1.411840101757181E-022   1.833214916227384E-024   2.130058895409686E-026
   2.247766075936599E-028   2.184503869301324E-030   1.980534601045353E-032
   1.694650241514381E-034   1.382620295093022E-036
