         100
   1.000216628445564E+021   1.000242767509942E+021   1.000256214393410E+021
   1.000270406184498E+021   1.000285384169413E+021   1.000301191928987E+021
   1.000317875451652E+021   1.000335483281426E+021   1.000354066655341E+021
   1.000373679653074E+021   1.000394379354979E+021   1.000416226008937E+021
   1.000439283206519E+021   1.000463618068991E+021   1.000489301443709E+021
   1.000516408111497E+021   1.000545017005632E+021   1.000575211443072E+021
   1.000607079368647E+021   1.000640713612926E+021   1.000676212164547E+021
   1.000713678457829E+021   1.000753221676528E+021   1.000794957074673E+021
   1.000839006315437E+021   1.000885497829085E+021   1.000934567191090E+021
   1.000986357521569E+021   1.001041019907262E+021   1.001098713847364E+021
   1.001159607724563E+021   1.001223879302762E+021   1.001291716253016E+021
   1.001363316709328E+021   1.001438889856044E+021   1.001518656548675E+021
   1.001602849970122E+021   1.001691716324369E+021   1.001785515569844E+021
   1.001884522194803E+021   1.001989026037206E+021   1.002099333151750E+021
   1.002215766726852E+021   1.002338668054578E+021   1.002468397556700E+021
   1.002605335870266E+021   1.002749884996286E+021   1.002902469515376E+021
   1.003063537874449E+021   1.003233563748827E+021   1.003413047484415E+021
   1.003602517624922E+021   1.003802532529423E+021   1.004013682085937E+021
   1.004236589527082E+021   1.004471913354286E+021   1.004720349377507E+021
   1.004982632877874E+021   1.005259540901232E+021   1.005551894691122E+021
   1.005860562270369E+021   1.006186461181117E+021   1.006530561393896E+021
   1.006893888397094E+021   1.007277526479087E+021   1.007682622216211E+021
   1.008110388180809E+021   1.008562106884694E+021   1.009039134974597E+021
   1.009542907697525E+021   1.010074943655397E+021   1.010636849869953E+021
   1.011230327180679E+021   1.011857176000428E+021   1.012519302455543E+021
   1.013218724939617E+021   1.013957581112597E+021   1.014738135379789E+021
   1.015562786888420E+021   1.016434078082899E+021   1.017354703863722E+021
   1.018327521399224E+021   1.019355560644033E+021   1.020442035623353E+021
   1.021590356547944E+021   1.022804142831143E+021   1.024087237086441E+021
   1.025443720192164E+021   1.026877927518730E+021   1.028394466424002E+021
   1.029998235133450E+021   1.031694443134438E+021   1.033488633228064E+021
   1.035386705397899E+021   1.037394942672855E+021   1.039520039181619E+021
   1.041769130618907E+021   1.044149827369601E+021   1.046670250566088E+021
   1.049339071387326E+021   1.052165553945923E+021
   1.000216628445564E+021   9.893408262620428E+020   9.887549475445827E+020
   9.881371238228338E+020   9.874856424555378E+020   9.867987020795017E+020
   9.860744089978331E+020   9.853107722573008E+020   9.845056993172431E+020
   9.836569913846299E+020   9.827623385925369E+020   9.818193150270827E+020
   9.808253736063436E+020   9.797778408163763E+020   9.786739113111116E+020
   9.775106423847007E+020   9.762849483269399E+020   9.749935946747004E+020
   9.736331923748544E+020   9.722001918770547E+020   9.706908771779052E+020
   9.691013598415902E+020   9.674275730259305E+020   9.656652655471264E+020
   9.638099960211811E+020   9.618571271251611E+020   9.598018200271115E+020
   9.576390290395937E+020   9.553634965584957E+020   9.529697483559866E+020
   9.504520893042743E+020   9.478045996151770E+020   9.450211316894477E+020
   9.420953076792940E+020   9.390205178775811E+020   9.357899200577917E+020
   9.323964398998849E+020   9.288327726486845E+020   9.250913861632762E+020
   9.211645255279724E+020   9.170442194076111E+020   9.127222883421011E+020
   9.081903551870447E+020   9.034398579186939E+020   8.984620650321775E+020
   8.932480937715264E+020   8.877889314381599E+020   8.820754600307381E+020
   8.760984844731490E+020   8.698487646883275E+020   8.633170517730031E+020
   8.564941285216480E+020   8.493708545361593E+020   8.419382161403356E+020
   8.341873812942277E+020   8.261097596720621E+020   8.176970680278269E+020
   8.089414009238866E+020   7.998353068393553E+020   7.903718696056404E+020
   7.805447950359187E+020   7.703485025228364E+020   7.597782212741220E+020
   7.488300907390425E+020   7.375012646499927E+020   7.257900179636680E+020
   7.136958558363489E+020   7.012196236094867E+020   6.883636166172525E+020
   6.751316884598806E+020   6.615293562190553E+020   6.475639009285404E+020
   6.332444614596763E+020   6.185821198429450E+020   6.035899759297462E+020
   5.882832092095908E+020   5.726791255441713E+020   5.567971865684063E+020
   5.406590195466428E+020   5.242884055663581E+020   5.077112441077664E+020
   4.909554922503501E+020   4.740510770695756E+020   4.570297801400117E+020
   4.399250934934591E+020   4.227720468785418E+020   4.056070067245848E+020
   3.884674478174498E+020   3.713916993351781E+020   3.544186675506592E+020
   3.375875381683137E+020   3.209374619010109E+020   3.045072274897285E+020
   2.883349268987722E+020   2.724576178610681E+020   2.569109892798961E+020
   2.417290351968292E+020   2.269437430955700E+020   2.125848022174868E+020
   1.986793373120358E+020   1.852516728350403E+020
   1.000216628445564E+021   9.425652257936342E+020   9.395143164922209E+020
   9.363086908745856E+020   9.329413110548241E+020   9.294049075447928E+020
   9.256919844721968E+020   9.217948215946408E+020   9.177054811212960E+020
   9.134158156956609E+020   9.089174784836664E+020   9.042019355917619E+020
   8.992604810416561E+020   8.940842545387484E+020   8.886642622797549E+020
   8.829914010515957E+020   8.770564858778836E+020   8.708502814707854E+020
   8.643635377440202E+020   8.575870296366509E+020   8.505116014864033E+020
   8.431282161747368E+020   8.354280092429827E+020   8.274023481487121E+020
   8.190428967932317E+020   8.103416854038778E+020   8.012911857977501E+020
   7.918843919859369E+020   7.821149059984515E+020   7.719770287195179E+020
   7.614658554201541E+020   7.505773755601515E+020   7.393085763047362E+020
   7.276575490630646E+020   7.156235982072689E+020   7.032073509736232E+020
   6.904108673836743E+020   6.772377488556472E+020   6.636932440085552E+020
   6.497843499973648E+020   6.355199075621492E+020   6.209106878329503E+020
   6.059694688112209E+020   5.907110993548936E+020   5.751525484343664E+020
   5.593129374081852E+020   5.432135530970663E+020   5.268778395198206E+020
   5.103313663007300E+020   4.936017719698206E+020   4.767186806586389E+020
   4.597135910459924E+020   4.426197368297743E+020   4.254719184889232E+020
   4.083063066473173E+020   3.911602179494214E+020   3.740718649931182E+020
   3.570800825226906E+020   3.402240327459688E+020   3.235428932835726E+020
   3.070755318627459E+020   2.908601724104912E+020   2.749340576577988E+020
   2.593331137172174E+020   2.440916223207093E+020   2.292419064880484E+020
   2.148140353267921E+020   2.008355534373010E+020   1.873312400105170E+020
   1.743229021687121E+020   1.618292064229337E+020   1.498655513241555E+020
   1.384439834922761E+020   1.275731582465140E+020   1.172583450639650E+020
   1.075014770933268E+020   9.830124298141999E+019   8.965321836308254E+019
   8.155003354938453E+019   7.398157324980432E+019   6.693520360075616E+019
   6.039602135942299E+019   5.434711986565788E+019   4.876986627679698E+019
   4.364418463548686E+019   3.894883952843978E+019   3.466171541904582E+019
   3.076008716993280E+019   2.722087779121068E+019   2.402090003314654E+019
   2.113707906492348E+019   1.854665412115507E+019   1.622735763372989E+019
   1.415757097940453E+019   1.231645654720586E+019   1.068406635114801E+019
   9.241427873307572E+018   7.970608213496509E+018   6.854757941299631E+018
   5.878136293607545E+018   5.026119537949353E+018
   1.000216628445564E+021   7.200315406818760E+020   7.077537601994523E+020
   6.950948237890803E+020   6.820577615212971E+020   6.686472123420883E+020
   6.548695285143596E+020   6.407328717509052E+020   6.262473037668153E+020
   6.114248667423691E+020   5.962796520964476E+020   5.808278553436659E+020
   5.650878147867706E+020   5.490800318060904E+020   5.328271705720472E+020
   5.163540351299486E+020   4.996875219938061E+020   4.828565466416888E+020
   4.658919426313217E+020   4.488263324512409E+020   4.316939696873110E+020
   4.145305526114018E+020   3.973730098801168E+020   3.802592596551026E+020
   3.632279441080477E+020   3.463181419355326E+020   3.295690621615229E+020
   3.130197231267710E+020   2.967086211318766E+020   2.806733936912882E+020
   2.649504827470066E+020   2.495748034630598E+020   2.345794243579446E+020
   2.199952645192864E+020   2.058508134751288E+020   1.921718789674582E+020
   1.789813673899472E+020   1.662991010239471E+020   1.541416754511217E+020
   1.425223596600304E+020   1.314510404244242E+020   1.209342115435770E+020
   1.109750075324098E+020   1.015732803649765E+020   9.272571694168251E+019
   8.442599409870710E+019   7.666496723404015E+019   6.943088801004230E+019
   6.270964612348083E+019   5.648502982033124E+019   5.073899967759952E+019
   4.545197017508803E+019   4.060309372769252E+019   3.617054212973859E+019
   3.213178075920231E+019   2.846383138056580E+019   2.514351994780764E+019
   2.214770642015738E+019   1.945349423960907E+019   1.703841775890609E+019
   1.488060653193686E+019   1.295892596801020E+019   1.125309439314766E+019
   9.743777044429621E+018   8.412657939952341E+018   7.242490912667924E+018
   6.217131369803337E+018   5.321550541813463E+018   4.541834119248558E+018
   3.865167247612322E+018   3.279807865684623E+018   2.775050339209148E+018
   2.341181267122224E+018   1.969429229583618E+018   1.651910113756575E+018
   1.381569501951822E+018   1.152123444175783E+018   9.579987693464054E+017
   7.942739216812179E+017   6.566211453849134E+017   5.412506852755514E+017
   4.448575260737340E+017   3.645710606555831E+017   2.979079588628443E+017
   2.427284040890844E+017   1.971957749196163E+017   1.597397732690136E+017
   1.290229380720133E+017   1.039104337268177E+017   8.344296407328688E+016
   6.681263451204470E+016   5.334156568244738E+016   4.246305066261017E+016
   3.370504271333836E+016   2.667576100476307E+016   2.105120647090227E+016
   1.656438796498393E+016   1.299606937749464E+016   1.016686058133001E+016
   7.930488346017415E+015   6.168097183190787E+015
   1.000216628445564E+021   3.630265394620645E+020   3.461184139215123E+020
   3.293714755338659E+020   3.128247384123903E+020   2.965166910671616E+020
   2.804849582509480E+020   2.647659657278947E+020   2.493946085996371E+020
   2.344039316206632E+020   2.198248266476873E+020   2.056857528120241E+020
   1.920124846538257E+020   1.788278929735328E+020   1.661517625263156E+020
   1.540006499282490E+020   1.423877842807894E+020   1.313230120798158E+020
   1.208127869876889E+020   1.108602040442349E+020   1.014650769087898E+020
   9.262405579303741E+019   8.433078289360214E+019   7.657608139072217E+019
   6.934817346646942E+019   6.263292232882403E+019   5.641409291612438E+019
   5.067362580325499E+019   4.539191883340757E+019   4.054811114858684E+019
   3.612036457443279E+019   3.208613771251811E+019   2.842244858517214E+019
   2.510612224134488E+019   2.211402034358648E+019   1.942325039274850E+019
   1.701135288664632E+019   1.485646533184485E+019   1.293746261676781E+019
   1.123407379535953E+019   9.726975812678154E+018   8.397865119499889E+018
   7.229508467873635E+018   6.205774452134312E+018   5.311647561313644E+018
   4.533226642535383E+018   3.857709745970079E+018   3.273367336696991E+018
   2.769505824712375E+018   2.336423289158969E+018   1.965359164589705E+018
   1.648439523509059E+018   1.378619437931284E+018   1.149623740024644E+018
   9.558873341052308E+017   7.924960445133261E+017   6.551288206025825E+017
   5.400019646954369E+017   4.438159040817997E+017   3.637048958713805E+017
   2.971899349700435E+017   2.421350312478014E+017   1.967069321947485E+017
   1.593382916914357E+017   1.286942232865718E+017   1.036421266605438E+017
   8.322463766540298E+016   6.663552426951401E+016   5.319833164606118E+016
   4.234756827416508E+016   3.361222005020659E+016   2.660137988087042E+016
   2.099178498071118E+016   1.651706215867972E+016   1.295849189166651E+016
   1.013711420181287E+016   7.907012641290026E+015   6.149626512101932E+015
   4.768955376351234E+015   3.687533601306983E+015   2.843065870781918E+015
   2.185627087285220E+015   1.675341755932752E+015   1.280468699539310E+015
   9.758267645912241E+014   7.415060330524399E+014   5.618169741660235E+014
   4.244369918684147E+014   3.197199991676456E+014   2.401400419303242E+014
   1.798446672529365E+014   1.342977543452866E+014   9.999496671179813E+013
   7.423790935212731E+013   5.495554627401786E+013   4.056351008581941E+013
   2.985367026234524E+013   2.190776823619571E+013   1.603011903549028E+013
   1.169535907161906E+013   8.508021449497796E+012
   1.000216628445564E+021   9.357128075681119E+019   8.521805098243798E+019
   7.740453545140319E+019   7.011923147954036E+019   6.334824948133849E+019
   5.707557263903554E+019   5.128332885670473E+019   4.595207205583384E+019
   4.106106620001209E+019   3.658856720648520E+019   3.251209805534817E+019
   2.880871288259335E+019   2.545524640065073E+019   2.242854559746974E+019
   1.970568130007330E+019   1.726413782882015E+019   1.508197959426982E+019
   1.313799408206676E+019   1.141181121817175E+019   9.883999595837831E+018
   8.536140469021643E+018   7.350880769709306E+018   6.311966687158297E+018
   5.404259556198056E+018   4.613735942626609E+018   3.927473891337630E+018
   3.333627323432539E+018   2.821390539472351E+018   2.380954714993090E+018
   2.003458169406773E+018   1.680932058258258E+018   1.406242988936236E+018
   1.173033898187063E+018   9.756643622697303E+017   8.091513426223131E+017
   6.691112059328384E+017   5.517037011116252E+017   4.535784296107823E+017
   3.718242118198633E+017   3.039216321739372E+017   2.476989398144932E+017
   2.012913902912856E+017   1.631040365967946E+017   1.317779141518502E+017
   1.061595133180184E+017   8.527339352280882E+016   6.829776395543887E+016
   5.454283577488988E+016   4.343173861171734E+016   3.448378861570896E+016
   2.729989524046254E+016   2.154989828522558E+016   1.696163445528500E+016
   1.331154298425770E+016   1.041663192562278E+016   8.127639917978800E+015
   6.323242016138010E+015   4.905162114954954E+015   3.794068222271118E+015
   2.926140090437552E+015   2.250211292823317E+015   1.725399594141307E+015
   1.319150324574201E+015   1.005627383310834E+015   7.643954570740814E+014
   5.793450599983897E+014   4.378191192521113E+014   3.299060968605361E+014
   2.478701125573762E+014   1.856932810449929E+014   1.387095680586696E+014
   1.033129713238094E+014   7.672581114432441E+013   5.681543394983977E+013
   4.194974943031737E+013   3.088379189570493E+013   2.267096815931073E+013
   1.659387139340519E+013   1.211054188555504E+013   8.812875513463775E+012
   6.394548685655069E+012   4.626370012690511E+012   3.337405932287075E+012
   2.400578466678360E+012   1.721713885221188E+012   1.231244379673762E+012
   8.779418334836125E+011   6.242023926848848E+011   4.425102328014177E+011
   3.127947175598141E+011   2.204619810240087E+011   1.549338112370595E+011
   1.085667672602080E+011   7.585527924989914E+010   5.284609729194123E+010
   3.670947992472059E+010   2.542621686157920E+010   1.755995768749417E+010
   1.209214612462362E+010   8.302741400960212E+009
   1.000216628445564E+021   1.056205746381924E+019   9.133793784180192E+018
   7.875962228524998E+018   6.771801269829383E+018   5.805659279789210E+018
   4.963001728620396E+018   4.230403429948759E+018   3.595528174553983E+018
   3.047097536981620E+018   2.574850819597733E+018   2.169497967114131E+018
   1.822667164535679E+018   1.526848689313718E+018   1.275336431387617E+018
   1.062168329222130E+018   8.820668015859053E+017   7.303800885095680E+017
   6.030252545928700E+017   4.964334567370550E+017   4.074979387979532E+017
   3.335250891884451E+017   2.721887850508715E+017   2.214881486475629E+017
   1.797087579813492E+017   1.453872838726409E+017   1.172794690019169E+017
   9.433131977473514E+016   7.565334813363661E+016   6.049767639799945E+016
   4.823780260050588E+016   3.835081536367079E+016   3.040184492747265E+016
   2.403053938039129E+016   1.893936143539313E+016   1.488351030873484E+016
   1.166228459243650E+016   9.111714761789406E+015   7.098307536636383E+015
   5.513758231419714E+015   4.270501091084907E+015   3.297981110623321E+015
   2.539543744083893E+015   1.949851058963164E+015   1.492744174707002E+015
   1.139482176952617E+015   8.672970972949245E+014   6.582129969044402E+014
   4.980847192909638E+014   3.758185277387729E+014   2.827426728886222E+014
   2.121010093543406E+014   1.586471646590375E+014   1.183205276711714E+014
   8.798853447892825E+013   6.524245189725656E+013   4.823615335093500E+013
   3.555930495828374E+013   2.613798253625015E+013   1.915706913527918E+013
   1.399987870401035E+013   1.020135081020234E+013   7.411895635837687E+012
   5.369565096164760E+012   3.878708404970346E+012   2.793658742305539E+012
   2.006308809392027E+012   1.436681202112172E+012   1.025796568576483E+012
   7.302982800217634E+011   5.184149496784158E+011   3.669382279477618E+011
   2.589682994478318E+011   1.822377957827061E+011   1.278699531429623E+011
   8.946162066453442E+010   6.240842467708279E+010   4.340980971897668E+010
   3.010722633307106E+010   2.082053169568700E+010   1.435658305365002E+010
   9.870713867635038E+009   6.766814029796647E+009   4.625494007517710E+009
   3.152609700215974E+009   2.142498347413250E+009   1.451807337402266E+009
   9.809247254930301E+008   6.608464776805787E+008   4.439189460677472E+008
   2.973342819068347E+008   1.985749641808847E+008   1.322337164005591E+008
   8.780072824915193E+007   5.812891752593151E+007   3.837289421398412E+007
   2.525777443427231E+007   1.657691870898392E+007   1.084802652241565E+007
  7078412.569936153000000  4605313.603793499000000
   1.000216628445564E+021   8.658823065842246E+017   7.167731381661815E+017
   5.916211448611372E+017   4.869054163949183E+017   3.995621497844618E+017
   3.269360306498756E+017   2.667349023909652E+017   2.169878664124524E+017
   1.760068336197395E+017   1.423514963363801E+017   1.147976312263972E+017
   9.230860027773920E+016   7.400988418422878E+016   5.916645930931506E+016
   4.716281456761452E+016   3.748539677936550E+016   2.970727115056994E+016
   2.347478639715439E+016   1.849604064921366E+016   1.453095373116743E+016
   1.138276291605386E+016   8.890772108984914E+015   6.924198045765664E+015
   5.376971019612603E+015   4.163361487649193E+015   3.214317360128395E+015
   2.474409614847700E+015   1.899295947631523E+015   1.453623362790731E+015
   1.109300866572354E+015   8.440827302718440E+014   6.404111455842629E+014
   4.844745328734759E+014   3.654443295442507E+014   2.748588379642040E+014
   2.061277146628053E+014   1.541350025657212E+014   1.149223142900291E+014
   8.543693418643439E+013   6.333228416631123E+013   4.681045376552329E+013
   3.449838413606568E+013   2.535086950181872E+013   1.857484373780098E+013
   1.357049475318568E+013   9.885631039361033E+012   7.180444279261853E+012
   5.200396277909396E+012   3.755430805513582E+012   2.704090941851686E+012
   1.941426822844358E+012   1.389821292842945E+012   9.920535139593615E+011
   7.060727353782681E+011   5.010741368608002E+011   3.545624466634843E+011
   2.501621998953976E+011   1.759903449197914E+011   1.234508830462459E+011
   8.634511303942030E+010   6.021705712989696E+010   4.187352241348826E+010
   2.903338457723667E+010   2.007215682505578E+010   1.383657557163292E+010
   9.510457313531401E+009   6.517970418486229E+009   4.454116507959503E+009
   3.034931993262502E+009   2.061933041863612E+009   1.396813280932992E+009
   9.434966369223661E+008   6.354487950822250E+008   4.267356912987774E+008
   2.857429858094048E+008   1.907789228288921E+008   1.270057576164040E+008
   8.430525180670980E+007   5.579869649538501E+007   3.682406093236814E+007
   2.423134442471594E+007   1.589869742535139E+007   1.040120798991908E+007
  6784912.026164567000000  4413090.810017150000000  2862066.436605682000000
  1850779.841401720000000  1193350.484062542000000   767219.212788084300000
   491823.334059810700000   314367.030252521600000   200356.325664084200000
   127323.136323993600000    80677.011178209640000    50971.859410297990000
    32110.669143372520000    20170.025080898910000    12632.861185626760000
     7889.240816998483000     4912.549113133451000
   1.000216628445564E+021   5.136182344693650E+016   4.086726099760758E+016
   3.242267808442160E+016   2.564841202053255E+016   2.023067214883450E+016
   1.591103281729436E+016   1.247741598576043E+016   9.756390085943182E+015
   7.606622676079735E+015   5.913339371221501E+015   4.583655247922263E+015
   3.542658547989400E+015   2.730139596656762E+015   2.097870222793969E+015
   1.607350498867059E+015   1.227950231684254E+015   9.353822970724612E+014
   7.104536201457042E+014   5.380473801128924E+014   4.062969053911551E+014
   3.059177748607366E+014   2.296699165357761E+014   1.719260625199229E+014
   1.283268473460160E+014   9.550619352674328E+013   7.087347888539855E+013
   5.244138693377339E+013   3.869036176579114E+013   2.846227531485751E+013
   2.087731496805569E+013   1.526925593733403E+013   1.113523300934452E+013
   8.096903198582139E+012   5.870522924762425E+012   4.243975154941849E+012
   3.059194434640112E+012   2.198768626398115E+012   1.575760413184893E+012
   1.126001692518330E+012   8.022802554560320E+011   5.699691741292681E+011
   4.037521384143157E+011   2.851783199289661E+011   2.008428520935066E+011
   1.410374532313328E+011   9.875309997910834E+010   6.894538819328564E+010
   4.799521131597581E+010   3.331415471730971E+010   2.305673944608428E+010
   1.591128257293333E+010   1.094840082145809E+010   7.511633529788218E+009
   5.138735902781966E+009   3.505229097467737E+009   2.384046496384247E+009
   1.616781151794260E+009   1.093266290032032E+009   7.371211629103717E+008
   4.955528819859685E+008   3.321844782447914E+008   2.220275508285309E+008
   1.479696355775169E+008   9.832785006284027E+007   6.515063993710168E+007
   4.304265297424387E+007   2.835421189858286E+007   1.862405874748974E+007
   1.219745679452670E+007  7965305.682136975000000  5186493.158038388000000
  3367312.128900528000000  2179872.754203632000000  1407074.573247255000000
   905610.168467389400000   581170.643331209100000   371881.222819181100000
   237270.112004716800000   150945.448958968300000    95749.213424290360000
    60560.382523950630000    38192.686470230080000    24016.516168305990000
    15058.371715657420000     9414.217360097129000     5868.520585884854000
     3647.633928898213000     2260.643417367544000     1396.982884157152000
      860.772352579030600      528.839318269644700      323.964458606988800
      197.883325993328600      120.520032055132000       73.189280703798450
       44.317364213722800       26.757070918041770       16.107992546786190
        9.669020333212819        5.787109905594365
   1.000216628445564E+021   1.864580119653300E+015   1.426766233604667E+015
   1.088586141035706E+015   8.281537714419364E+014   6.281991845405387E+014
   4.751403975073146E+014   3.583313031147022E+014   2.694546886220569E+014
   2.020342242782676E+014   1.510436067641893E+014   1.125947015629222E+014
   8.368965241172441E+013   6.202457219130900E+013   4.583465789142322E+013
   3.377243808388741E+013   2.481241506433095E+013   1.817665080946648E+013
   1.327690641343640E+013   9.669814149993262E+012   7.022270646493101E+012
   5.084815547180578E+012   3.671225374628499E+012   2.642926543776577E+012
   1.897131094451224E+012   1.357837489103267E+012   9.690282790852119E+011
   6.895461065093552E+011   4.892472274738538E+011   3.461239403119285E+011
   2.441592084362578E+011   1.717326140857267E+011   1.204399749281195E+011
   8.422222982635667E+010   5.872472850599716E+010   4.082756727866981E+010
   2.830246043245946E+010   1.956289319846342E+010   1.348280269733947E+010
   9.265427834455675E+009   6.348761019769844E+009   4.337611830678409E+009
   2.954953105651204E+009   2.007191017462787E+009   1.359455573795050E+009
   9.180779098727615E+008   6.182046384211217E+008   4.150717575507950E+008
   2.778768147181892E+008   1.854896335266117E+008   1.234596887314920E+008
   8.193489763270049E+007   5.421891924775434E+007   3.577428815187397E+007
   2.353582078087708E+007   1.543923932128377E+007   1.009858797638445E+007
  6586180.225596215000000  4282967.425052282000000  2777116.732881992000000
  1795484.673854031000000  1157463.948127826000000   743997.449090742200000
   476841.036662480100000   304729.152415366800000   194174.675125397500000
   123369.945810999700000    78156.367082711630000    49369.366824402110000
    31094.884921336570000    19528.035401001760000    12228.307657796800000
     7635.058398034479000     4753.314749030234000     2950.658752694711000
     1826.331466886689000     1127.141450780028000      693.610156736130400
      425.589270033610700      260.377887535537800      158.838483391292100
       96.615224527097270       58.596760451802350       35.435604742887340
       21.367036622625200       12.846562768870000        7.701366567589266
        4.603486253948519        2.743747294305683        1.630570463717763
   9.662138007831353E-001   5.708803633982867E-001   3.363219222073544E-001
   1.975620170263455E-001   1.157150719465103E-001   6.757944351005125E-002
   3.935296832308399E-002   2.284959906340988E-002   1.322872155535841E-002
   7.636517826017203E-003   4.395528170055337E-003
   1.000216628445564E+021   6.803488011546895E+013   5.032109600225638E+013
   3.711135082654745E+013   2.728988069990935E+013   2.000942973300892E+013
   1.462870860401401E+013   1.066388541805414E+013   7.751096685024176E+012
   5.617577099141729E+012   4.059505483748233E+012   2.925064360968405E+012
   2.101531595065578E+012   1.505478730878251E+012   1.075354181230956E+012
   7.658904163160875E+011   5.439011105078612E+011   3.851336443134536E+011
   2.719200153273094E+011   1.914296019167006E+011   1.343739920648703E+011
   9.405016164998207E+010   6.563599545939502E+010   4.567334396158774E+010
   3.168996401382457E+010   2.192395418165292E+010   1.512356679600081E+010
   1.040226168917627E+010   7.134105454220004E+009   4.878535588611029E+009
   3.326424215752325E+009   2.261538538802410E+009   1.533093193739377E+009
   1.036266172572093E+009   6.984129614921767E+008   4.693442083024566E+008
   3.144914469997304E+008   2.101185609198998E+008   1.399774894246139E+008
   9.298013778617714E+007   6.158293371654219E+007   4.066949373388487E+007
   2.678029529614063E+007   1.758329085478899E+007   1.151126791545024E+007
  7514227.974052969000000  4890843.602475001000000  3174105.714534742000000
  2053984.688732183000000  1325290.912469824000000   852635.560155394500000
   546957.858035443700000   349850.496101963700000   223125.560961867200000
   141890.840018296100000    89969.974538120350000    56882.547558472410000
    35859.041999712690000    22540.135913608740000    14127.085749305250000
     8828.498252044810000     5501.223540429077000     3417.983432907088000
     2117.477563193525000     1307.994399333019000      805.621698303488300
      494.760054301507800      302.967682919797300      184.984860199992100
      112.619674864221900       68.364486480246820       41.379481640495560
       24.973403790840280       15.028257776595370        9.017325269108424
        5.394920369159875        3.218329788863748        1.914318757088642
        1.135366739919034   6.714231075655103E-001   3.959082968945996E-001
   2.327722078370406E-001   1.364601523576802E-001   7.976617758621385E-002
   4.649110981037193E-002   2.701837650243438E-002   1.565621542031012E-002
   9.045915584032090E-003   5.211424809889040E-003   2.993633464698900E-003
   1.714663791971821E-003   9.792589115394112E-004   5.576404783463353E-004
   3.166279528052172E-004   1.792595979811504E-004   1.011937724632467E-004
   5.695913144349737E-005   3.196768102669036E-005   1.788945505604341E-005
   9.982085671554912E-006   5.553716129835912E-006
