   9.336059044708666E-009   7.301670201136361E+020
   2.364032967409361E-008   7.399072725253770E+020
   3.705839434882633E-008   7.479001742366567E+020
   4.976965543028672E-008   7.543868913885999E+020
   6.196335317212054E-008   7.597766229407274E+020
   7.380354508419658E-008   7.645221305270847E+020
   8.537632192258246E-008   7.689583251229048E+020
   9.674231428235311E-008   7.733475948451561E+020
   1.079351031098730E-007   7.778446070981868E+020
   1.189596499123406E-007   7.824912616316360E+020
   1.298054318815884E-007   7.872567771700674E+020
   1.404650907064983E-007   7.920891294394028E+020
   1.509338110673224E-007   7.969304538982162E+020
   1.612073863843778E-007   8.017225156541072E+020
   1.712865289583009E-007   8.064116307350900E+020
   1.811724368979517E-007   8.109503591108010E+020
   1.908701753852057E-007   8.153162256124038E+020
   2.003856633634309E-007   8.195309699873795E+020
   2.097401652317365E-007   8.236716359548493E+020
   2.189390480302467E-007   8.278614858377031E+020
   2.279955224023565E-007   8.322307601742573E+020
   2.369279200277544E-007   8.368532557054407E+020
   2.457453584984943E-007   8.417062503804135E+020
   2.544349908215332E-007   8.466761715614005E+020
   2.629526485827081E-007   8.516175215427884E+020
   2.712931820133684E-007   8.563125341782058E+020
   2.794603645961969E-007   8.605685495701960E+020
   2.874688839997518E-007   8.642686793899554E+020
   2.953416062994013E-007   8.673921030863119E+020
   3.031044591235404E-007   8.700003904944792E+020
   3.107670401564568E-007   8.722330103869350E+020
   3.183314863123808E-007   8.742357042318200E+020
   3.258092917028984E-007   8.760796211495680E+020
   3.331937405932637E-007   8.778268338387342E+020
   3.404857921496428E-007   8.794868071800760E+020
   3.476927213953630E-007   8.810507447498692E+020
   3.548239142649622E-007   8.825260623832546E+020
   3.618879393862611E-007   8.839471480824748E+020
   3.688773348503694E-007   8.854036491857152E+020
   3.757991577586030E-007   8.869254579579464E+020
   3.826592040531891E-007   8.885061322951072E+020
   3.894564812211790E-007   8.901131870855598E+020
   3.961768278505894E-007   8.917204903884923E+020
   4.028218551672912E-007   8.932437822833905E+020
   4.093962413286602E-007   8.946085299985783E+020
   4.159072469005845E-007   8.957697637341287E+020
   4.223636771530599E-007   8.967201587742715E+020
   4.287741624291451E-007   8.974848985744381E+020
   4.351316300832167E-007   8.981491629788059E+020
   4.414402791784446E-007   8.987546877222708E+020
   4.476998552028989E-007   8.993334387009101E+020
   4.539063014669831E-007   8.999017684615374E+020
   4.600628014014347E-007   9.004340509923723E+020
   4.661734874940317E-007   9.008954512849573E+020
   4.722430833867947E-007   9.012571764107034E+020
   4.782664743404102E-007   9.015372203709092E+020
   4.842456368526208E-007   9.017527823112250E+020
   4.901852176053382E-007   9.019295485214897E+020
   4.960897824559470E-007   9.020994969699519E+020
   5.019554388722437E-007   9.023122006439557E+020
   5.077843670647380E-007   9.025805998894574E+020
   5.135788624444714E-007   9.028930348759624E+020
   5.193341755638244E-007   9.032373091527319E+020
   5.250464038666160E-007   9.035886114180850E+020
   5.307181030752538E-007   9.039081859703902E+020
   5.363526759288609E-007   9.041680817651308E+020
   5.419550624210205E-007   9.043566043411981E+020
   5.475299169202953E-007   9.044769720824378E+020
   5.530731073963349E-007   9.045620712979382E+020
   5.585853382548058E-007   9.046272510662883E+020
   5.640662205665682E-007   9.046829379581381E+020
   5.695116798475491E-007   9.047429862115734E+020
   5.749247483163284E-007   9.047994253315500E+020
   5.803091861350141E-007   9.048444090524951E+020
   5.856687707837538E-007   9.048727574896957E+020
   5.909999340459857E-007   9.048985214524661E+020
   5.963042463461247E-007   9.049167613839185E+020
   6.015780930070994E-007   9.049295989484361E+020
   6.068229651223762E-007   9.049218150722767E+020
   6.120416366789236E-007   9.048783629064436E+020
   6.172354228687717E-007   9.047988793185208E+020
   6.224015754963384E-007   9.047072553704060E+020
   6.275432258107280E-007   9.046220180200621E+020
   6.326634269462188E-007   9.045632079562433E+020
   6.377589753526053E-007   9.045578734009376E+020
   6.428312660679364E-007   9.046051652759171E+020
   6.478818313229823E-007   9.046879760119204E+020
   6.529032608259346E-007   9.048023065121359E+020
   6.578969502411799E-007   9.049212106581579E+020
   6.628654563906793E-007   9.050224197781324E+020
   6.678120427511010E-007   9.050928668856585E+020
   6.727399290879134E-007   9.051286812105769E+020
   6.776465802407687E-007   9.051442221893449E+020
   6.825317896013144E-007   9.051465495552021E+020
   6.873950479756692E-007   9.051392782403987E+020
   6.922335701251567E-007   9.051284406104687E+020
   6.970497106771901E-007   9.051078538053322E+020
   7.018462989478303E-007   9.050738393129588E+020
   7.066259902054660E-007   9.050275798674615E+020
   7.113853596758169E-007   9.049874058858746E+020
   7.161260398040312E-007   9.049582464423212E+020
   7.208446433992833E-007   9.049530242375476E+020
   7.255434912992255E-007   9.049674693491631E+020
   7.302236524904875E-007   9.049924463702593E+020
   7.348837245787915E-007   9.050258519328039E+020
   7.395254035706331E-007   9.050547956356967E+020
   7.441484754060741E-007   9.050706884127997E+020
   7.487551483421424E-007   9.050593795669114E+020
   7.533418189908878E-007   9.050231596613458E+020
   7.579099619402459E-007   9.049589426194388E+020
   7.624618680306926E-007   9.048709657666646E+020
   7.669958651566661E-007   9.047812449290023E+020
   7.715131621379749E-007   9.047089885902990E+020
   7.760158465098954E-007   9.046681189260096E+020
   7.805019370294816E-007   9.046716764293494E+020
   7.849719540353971E-007   9.047138593860244E+020
   7.894262627698367E-007   9.047784196034045E+020
   7.938601657575154E-007   9.048560462996367E+020
   7.982750682355975E-007   9.049267039965818E+020
   8.026731327671647E-007   9.049771150062872E+020
   8.070568580800548E-007   9.050028201177367E+020
   8.114282621996700E-007   9.050067638106570E+020
   8.157839420291300E-007   9.050052897219383E+020
   8.201251311984031E-007   9.050019360120496E+020
   8.244494261049510E-007   9.050041091862816E+020
   8.287566406495781E-007   9.050111746402942E+020
   8.330486467864191E-007   9.050171617288493E+020
   8.373274342775013E-007   9.050167643089290E+020
   8.415934988864869E-007   9.050093032746615E+020
   8.458450039710880E-007   9.049997162034379E+020
   8.500824539293369E-007   9.049872378680818E+020
   8.543035669982226E-007   9.049762872311466E+020
   8.585100543961239E-007   9.049629814420090E+020
   8.627038041209515E-007   9.049446034923610E+020
   8.668855666136558E-007   9.049227650027125E+020
   8.710538528496089E-007   9.049048022021633E+020
   8.752085808576342E-007   9.048945258433345E+020
   8.793487357737059E-007   9.048956447342399E+020
   8.834757249120743E-007   9.049043341433694E+020
   8.875911022661046E-007   9.049148083261344E+020
   8.916926565913375E-007   9.049286255821716E+020
   8.957806473085240E-007   9.049427496654159E+020
   8.998565719660570E-007   9.049526321444402E+020
   9.039203789322123E-007   9.049579565095326E+020
   9.079706267215848E-007   9.049621592200590E+020
   9.120087338610170E-007   9.049637624938353E+020
   9.160357865237617E-007   9.049627716919318E+020
   9.200494924318818E-007   9.049661507929140E+020
   9.240512276387580E-007   9.049721281347849E+020
   9.280424768499397E-007   9.049760947671482E+020
   9.320206828126548E-007   9.049783453725305E+020
   9.359871044291240E-007   9.049690874196989E+020
   9.399431209788981E-007   9.049385435596210E+020
   9.438863328147539E-007   9.048883216079690E+020
   9.478180684668281E-007   9.048196538928815E+020
   9.517395662154864E-007   9.047421284456695E+020
   9.556495377457952E-007   9.046759591262671E+020
   9.595494558823043E-007   9.046358333398564E+020
   9.634396504641364E-007   9.046321956663449E+020
   9.673191433792839E-007   9.046669383088345E+020
   9.711885933616017E-007   9.047273108324732E+020
   9.750457295766356E-007   9.047994203112259E+020
   9.788896155857718E-007   9.048671550381259E+020
   9.827214393313024E-007   9.049171022377664E+020
   9.865428595264703E-007   9.049445922971278E+020
   9.903556709880946E-007   9.049525807114288E+020
   9.941596121670927E-007   9.049507215371840E+020
   9.979536123345194E-007   9.049478292598814E+020
   1.001738446480313E-006   9.049443247589952E+020
   1.005510952842746E-006   9.049442216186067E+020
   1.009271912725100E-006   9.049432117635157E+020
   1.013022671486450E-006   9.049381444425199E+020
   1.016764793013530E-006   9.049286048433770E+020
   1.020499088510384E-006   9.049172606753648E+020
   1.024225186763022E-006   9.049109624967489E+020
   1.027940930261891E-006   9.049087719232786E+020
   1.031645491807717E-006   9.049127603185418E+020
   1.035339249599204E-006   9.049191409329213E+020
   1.039023479735602E-006   9.049234391490906E+020
   1.042699563845198E-006   9.049228684236379E+020
   1.046367680634888E-006   9.049183515939000E+020
   1.050026566288778E-006   9.049138414492906E+020
   1.053676707902654E-006   9.049092989434989E+020
   1.057316047750322E-006   9.049083779474767E+020
   1.060945703396170E-006   9.049084382824582E+020
   1.064566935239829E-006   9.049069313968839E+020
   1.068180930870775E-006   9.049021664955240E+020
   1.071786201233832E-006   9.048978004320877E+020
   1.075383080462024E-006   9.048940943414400E+020
   1.078970209191757E-006   9.048937882830423E+020
   1.082547815233934E-006   9.048961213865013E+020
   1.086117075825475E-006   9.048984349300923E+020
   1.089679099317021E-006   9.048985669132441E+020
   1.093233067713500E-006   9.048983962957036E+020
   1.096778852075323E-006   9.048988189705712E+020
   1.100315510684735E-006   9.049018919613474E+020
   1.103843047847887E-006   9.049072599295724E+020
   1.107362559130347E-006   9.049120011069359E+020
   1.110875100730647E-006   9.049132085465114E+020
   1.114379743085787E-006   9.049119884817925E+020
   1.117876608061319E-006   9.049081717248853E+020
   1.121364491903813E-006   9.049043775587885E+020
   1.124843844511291E-006   9.049004648569898E+020
   1.128315760604121E-006   9.048952676573329E+020
   1.131781222223965E-006   9.048880432392138E+020
   1.135238717183585E-006   9.048825931750849E+020
   1.138688733489466E-006   9.048789817833684E+020
   1.142129970637726E-006   9.048797932831774E+020
   1.145563423433998E-006   9.048828956421166E+020
   1.148990058018710E-006   9.048858811955438E+020
   1.152409715074822E-006   9.048885104200369E+020
   1.155821992492395E-006   9.048913754650166E+020
   1.159226202915785E-006   9.048956889061561E+020
   1.162622471592473E-006   9.049009139002022E+020
   1.166011782967155E-006   9.049044447642112E+020
   1.169394845172474E-006   9.049038018871241E+020
   1.172770503879945E-006   9.048998698100460E+020
   1.176138803100271E-006   9.048922493842181E+020
   1.179499147321989E-006   9.048826844923624E+020
   1.182852540446141E-006   9.048711820793615E+020
   1.186199932248291E-006   9.048583971985284E+020
   1.189540438499801E-006   9.048481662635192E+020
   1.192874205075428E-006   9.048421273306340E+020
   1.196200312167142E-006   9.048427257029881E+020
   1.199519526889641E-006   9.048483691430876E+020
   1.202832689686016E-006   9.048563311399691E+020
   1.206138614462034E-006   9.048667058314120E+020
   1.209437452512431E-006   9.048773967044782E+020
   1.212730013499604E-006   9.048857186791722E+020
   1.216016038950092E-006   9.048913030760128E+020
   1.219294888137556E-006   9.048948732954099E+020
   1.222567354896414E-006   9.048951860775508E+020
   1.225833891541517E-006   9.048919949518379E+020
   1.229093266861251E-006   9.048882210691098E+020
   1.232346237164095E-006   9.048836987936072E+020
   1.235593617871460E-006   9.048781049697641E+020
   1.238834014340330E-006   9.048744270320187E+020
   1.242067940149113E-006   9.048721864741829E+020
   1.245296185459117E-006   9.048702008084955E+020
   1.248517855277637E-006   9.048697956381882E+020
   1.251733039080422E-006   9.048705732083556E+020
   1.254942485601235E-006   9.048710931931871E+020
   1.258145698623022E-006   9.048719827634259E+020
   1.261342448740948E-006   9.048734806545461E+020
   1.264533467566152E-006   9.048743505223892E+020
   1.267718526419448E-006   9.048749631295962E+020
   1.270897158562802E-006   9.048760773546883E+020
   1.274070093950627E-006   9.048765627511222E+020
   1.277237261435183E-006   9.048766250112127E+020
   1.280398082757474E-006   9.048772756667932E+020
   1.283553270619073E-006   9.048774542483027E+020
   1.286702848651981E-006   9.048772051443506E+020
   1.289846159507057E-006   9.048776275839492E+020
   1.292983903975888E-006   9.048776223021190E+020
   1.296116156508720E-006   9.048770912204698E+020
   1.299242237676125E-006   9.048771554222633E+020
   1.302362852154081E-006   9.048767683576702E+020
   1.305478037670823E-006   9.048760086731337E+020
   1.308587176227842E-006   9.048760597267469E+020
   1.311690964680190E-006   9.048760320093107E+020
   1.314789345901922E-006   9.048762136437892E+020
   1.317881830724768E-006   9.048775246636072E+020
   1.320969073497174E-006   9.048789429086878E+020
   1.324050885984259E-006   9.048806314207176E+020
   1.327126941102254E-006   9.048828562458289E+020
   1.330197890309982E-006   9.048842155073371E+020
   1.333263362011746E-006   9.048848752701453E+020
   1.336323235828795E-006   9.048846984046882E+020
   1.339378182302253E-006   9.048824675433288E+020
   1.342427575186436E-006   9.048792511246223E+020
   1.345471556170067E-006   9.048752497182738E+020
   1.348510805052097E-006   9.048767253826516E+020
   1.351544428554233E-006   9.049074106458369E+020
   1.354572839208294E-006   9.049978514203743E+020
   1.357596620349688E-006   9.051490326639188E+020
   1.360614752986523E-006   9.052654355738808E+020
   1.363627857957301E-006   9.050848638638394E+020
   1.366636157979408E-006   9.041919728774982E+020
   1.369639007266346E-006   9.021784747875511E+020
   1.372636999195305E-006   8.989635841638307E+020
   1.375629993330572E-006   8.951878373203445E+020
   1.378617732051273E-006   8.926647355942421E+020
   1.381600808581542E-006   8.940366519580527E+020
   1.384578659348072E-006   9.020306615166403E+020
   1.387551376932879E-006   9.185905914790952E+020
   1.390519462021343E-006   9.441667181562612E+020
   1.393481672543712E-006   9.773563649025853E+020
   1.396443050140826E-006   1.015137739800935E+021
   1.399397062273568E-006   1.053976625874682E+021
   1.402345995889797E-006   1.091618638222056E+021
   1.402274022129616E-006   1.136496163650047E+021
   1.405209342002460E-006   1.166147320974468E+021
   1.408137363763014E-006   1.189436180369753E+021
   1.411065531521111E-006   1.205369744384925E+021
   1.413986157852958E-006   1.213213352013467E+021
   1.416898918450360E-006   1.212521844614449E+021
   1.419808094492711E-006   1.203193744227597E+021
   1.422715084171223E-006   1.185500324806934E+021
   1.425611554249718E-006   1.160074080913389E+021
   1.428506648695702E-006   1.127797888288679E+021
