          88   2.500000118743628E-004
        3.909994790123878   2.396647728056595E-001   9.868463340213577E-001
        2.784994433909833   2.214587434484367E-001   9.821533632654377E-001
        1.666837178743944   1.963234849253469E-001   9.725174465520797E-001
        1.099039835695163   1.782223550137298E-001   9.632581972978433E-001
   4.978633157922095E-001   1.515760532578545E-001   9.466273187122891E-001
   1.633206708597081E-001   1.314909622531200E-001   9.326599032938753E-001
  -2.300657506272190E-001   1.009927542956848E-001   9.115724240992817E-001
  -3.641733438068276E-001   8.860502693907706E-002   9.036579375213918E-001
  -5.716616238255958E-001   6.733953603828902E-002   8.914133185049614E-001
  -7.309342383801951E-001   4.932312552275252E-002   8.824417372572426E-001
  -8.611090638516670E-001   3.356861901910922E-002   8.755827317411964E-001
       -1.068349867164193   6.737486076262645E-003   8.656908313371127E-001
       -1.154282787587741  -4.965910317739164E-003   8.619568426659837E-001
       -1.302599691219140  -2.589060677771259E-002   8.559721353515094E-001
       -1.537340934159878  -6.071527619732270E-002   8.475050089831448E-001
       -1.634120230843214  -7.562985621433388E-002   8.443042129817793E-001
       -1.800241989034463  -1.019303477244134E-001   8.391187478489487E-001
       -1.872801635143409  -1.136828521773402E-001   8.369566539394926E-001
       -2.002160864903229  -1.350172405468200E-001   8.332293038285444E-001
       -2.115042714384325  -1.540213098682279E-001   8.300885979280357E-001
       -2.215215289226280  -1.711788455091072E-001   8.273729160994794E-001
       -2.305265277887408  -1.868325470284467E-001   8.249790311115031E-001
       -2.461952886481497  -2.145781865177373E-001   8.208977562603631E-001
       -2.531030241146187  -2.270119166132949E-001   8.191247676717830E-001
       -2.654856367350670  -2.496053014852559E-001   8.159748367930706E-001
       -2.763395114949563  -2.697289565309903E-001   8.132333811078142E-001
       -2.859926795572139  -2.878760642658501E-001   8.108020588882576E-001
       -3.025634322187665  -3.195751039288703E-001   8.066226996310764E-001
       -3.097803531352988  -3.335976574070380E-001   8.047927511998089E-001
       -3.225852764021772  -3.588042295154960E-001   8.015186457224583E-001
       -3.283161209968483  -3.702218286848238E-001   8.000381317425177E-001
       -3.386976494788727  -3.911224316656964E-001   7.973249020207562E-001
       -3.478928239020468  -4.098717508827475E-001   7.948806145555044E-001
       -3.561300134536561  -4.268602189042147E-001   7.926510621405474E-001
       -3.635778120444723  -4.423801747537335E-001   7.905969829256752E-001
       -3.765888024626041  -4.698655907583159E-001   7.869046533837302E-001
       -3.823303572766322  -4.821492056366140E-001   7.852262095181816E-001
       -3.926070676972766  -5.043798503216024E-001   7.821333011063144E-001
       -4.015788585354921  -5.240524635348944E-001   7.793256912723088E-001
       -4.095140331467104  -5.416659189201342E-001   7.767449650736318E-001
       -4.166071192048882  -5.575867605916126E-001   7.743490766914540E-001
       -4.288148206667320  -5.853973928563994E-001   7.699940488568100E-001
       -4.341282381862610  -5.976719684401349E-001   7.679922996871983E-001
       -4.435266079673831  -6.196510000881347E-001   7.642648814320362E-001
       -4.516142185790779  -6.388542832254621E-001   7.608354366302665E-001
       -4.649157232900873  -6.710714252433372E-001   7.546426556134929E-001
       -4.704833480124817  -6.848107913977958E-001   7.518026750713352E-001
       -4.800319490948276  -7.087591103648144E-001   7.465086798091466E-001
       -4.879644056075278  -7.290584883090451E-001   7.416185259712144E-001
       -5.004884747609670  -7.619599119880275E-001   7.327095428700630E-001
       -5.055515920149041  -7.755964937284420E-001   7.285820813923252E-001
       -5.140061630615054  -7.988642325184027E-001   7.208097802384347E-001
       -5.208219549090509  -8.181356196274903E-001   7.135377027031159E-001
       -5.312260028846509  -8.486115517419448E-001   7.000713582251208E-001
       -5.353158172736190  -8.610052113311705E-001   6.937470973381842E-001
       -5.420067724749437  -8.818861083177948E-001   6.817183852279682E-001
       -5.472835236810186  -8.989725551286205E-001   6.703559365521544E-001
       -5.551595862167667  -9.257314645362995E-001   6.491695643564452E-001
       -5.608351614061567  -9.461780567340875E-001   6.296040493059472E-001
       -5.686385910926845  -9.763864139672201E-001   5.942609437865165E-001
       -5.777780296396766       -1.015998147253077   5.351969879771789E-001
       -5.808219311419022       -1.030518288497751   5.102948799318595E-001
       -5.854148173548500       -1.053964820273025   4.677836455461270E-001
       -5.872333636213559       -1.063807968339720   4.495777764588895E-001
       -5.880585118321267       -1.068384546820256   4.411278422875463E-001
       -5.884530452713497       -1.070597507598010   4.370542638375555E-001
       -5.886461164177185       -1.071686320779373   4.350539383549024E-001
       -5.887416393361597       -1.072226445642465   4.340627244489241E-001
       -5.887891519846332       -1.072495453919181   4.335693341704142E-001
       -5.888128466397015       -1.072629696516991   4.333231906547244E-001
       -5.888128466397015       -1.072629696516991   4.333231906547244E-001
       -5.888246786159850       -1.072696752678295   4.332002564859873E-001
       -5.888483119598445       -1.072830735077423   4.329546628753327E-001
       -5.888954567349317       -1.073098182140896   4.324645720399055E-001
       -5.889892627719170       -1.073631020862877   4.314887558267401E-001
       -5.891749732609579       -1.074688598780065   4.295544258993613E-001
       -5.895390379472267       -1.076772299670353   4.257537227416751E-001
       -5.902395991971003       -1.080820928195212   4.184144484739569E-001
       -5.915433344798729       -1.088492545460264   4.047118722911967E-001
       -5.938405185514772       -1.102443879896287   3.807014140576986E-001
       -5.975949235137183       -1.126409764335873   3.430946930720136E-001
       -5.991904493428103       -1.137010983965224   3.281611514513089E-001
       -6.020108097159105       -1.156309620724145   3.037659390467473E-001
       -6.044803190580751       -1.173743083960308   2.847011964021005E-001
       -6.067049584531168       -1.189829510187353   2.693807133053897E-001
       -6.087495760149930       -1.204899080891401   2.567730928293524E-001
       -6.124550088205996       -1.232814570939200   2.371388968718244E-001
       -6.141657757079056       -1.245933455725787   2.292930809334318E-001
