         100
   1.000000020040877E+020   1.819481755446003E+020   1.840435364027686E+020
   1.862084938621226E+020   1.884461157788661E+020   1.907596436357924E+020
   1.931525042412248E+020   1.956283230818833E+020   1.981909383311282E+020
   2.008444161497704E+020   2.035930672941908E+020   2.064414651597638E+020
   2.093944654036380E+020   2.124572273072522E+020   2.156352370575475E+020
   2.189343331468431E+020   2.223607341151348E+020   2.259210688855499E+020
   2.296224099743351E+020   2.334723098916217E+020   2.374788410889452E+020
   2.416506398548647E+020   2.459969546119134E+020   2.505276991275691E+020
   2.552535112201853E+020   2.601858176193385E+020   2.653369057305322E+020
   2.707200031587067E+020   2.763493659659563E+020   2.822403767791497E+020
   2.884096540262413E+020   2.948751737700968E+020   3.016564058306137E+020
   3.087744661458025E+020   3.162522876275560E+020   3.241148121268702E+020
   3.323892065469928E+020   3.411051066444069E+020   3.502948926527025E+020
   3.599940015728679E+020   3.702412818195760E+020   3.810793969265947E+020
   3.925552862327639E+020   4.047206919395011E+020   4.176327637097010E+020
   4.313547541394067E+020   4.459568210702683E+020   4.615169559400649E+020
   4.781220613403534E+020   4.958692058569059E+020   5.148670903578806E+020
   5.352377674880345E+020   5.571186656438001E+020   5.806649806934835E+020
   6.060525138950320E+020   6.334810538153446E+020   6.631784248608645E+020
   6.954053570294162E+020   7.304613730519422E+020   7.686919434475757E+020
   8.104972316382281E+020   8.563428463923591E+020   9.067731462620683E+020
   9.624278128091745E+020   1.024062644195083E+021   1.092575844164094E+021
   1.169041531867997E+021   1.254752832419087E+021   1.351277812739412E+021
   1.460532834443071E+021   1.584879811272828E+021   1.727256709910057E+021
   1.891354948036317E+021   2.081863993545717E+021   2.304813922897311E+021
   2.568063493178395E+021   2.882008926665851E+021   3.260635334582006E+021
   3.723114078334655E+021   4.296295810101069E+021   5.018719752744863E+021
   5.947216116777164E+021   7.167081349352121E+021   8.798092649612779E+021
   1.093352616816936E+022   1.330516200757519E+022   1.462670696239614E+022
   1.310854617883082E+022   9.217257605937895E+021   5.457684531571224E+021
   3.022456983904236E+021   1.655281974698893E+021   9.069172491158567E+020
   4.973577687465114E+020   2.729801200364597E+020   1.499006046527341E+020
   8.232712098427485E+019   4.521303260981327E+019   2.482661329242860E+019
   1.362943237602815E+019   7.480485684098114E+018
   1.070017056133853E+020   1.862802505392530E+020   1.885202939952727E+020
   1.908363519578558E+020   1.932318575999413E+020   1.957104432395393E+020
   1.982759541150107E+020   2.009324640879024E+020   2.036842921809765E+020
   2.065360206695673E+020   2.094925147585942E+020   2.125589440046783E+020
   2.157408056631225E+020   2.190439501604579E+020   2.224746089171386E+020
   2.260394247720583E+020   2.297454852913322E+020   2.336003592788004E+020
   2.376121368456187E+020   2.417894734418606E+020   2.461416383051787E+020
   2.506785678412884E+020   2.554109245196058E+020   2.603501619462435E+020
   2.655085968674782E+020   2.708994889618069E+020   2.765371294002435E+020
   2.824369392954859E+020   2.886155793244852E+020   2.950910719999408E+020
   3.018829382893372E+020   3.090123505413748E+020   3.165023039863169E+020
   3.243778094377446E+020   3.326661102492284E+020   3.413969270836490E+020
   3.506027346514004E+020   3.603190752862667E+020   3.705849150787521E+020
   3.814430493062460E+020   3.929405651251122E+020   4.051293709684027E+020
   4.180668038830266E+020   4.318163282156191E+020   4.464483417103024E+020
   4.620411083324224E+020   4.786818411313057E+020   4.964679633959657E+020
   5.155085824904627E+020   5.359262184044393E+020   5.578588386419716E+020
   5.814622631530029E+020   6.069130183187821E+020   6.344117385095831E+020
   6.641872387429165E+020   6.965014142409120E+020   7.316551646046268E+020
   7.699955951621034E+020   8.119248203259803E+020   8.579107898168754E+020
   9.085006872405339E+020   9.643376243618027E+020   1.026181591623609E+021
   1.094935952366651E+021   1.171681223595947E+021   1.257718527831326E+021
   1.354626015979992E+021   1.464332884418983E+021   1.589217549763433E+021
   1.732239434072369E+021   1.897118188261238E+021   2.088580928091562E+021
   2.312708670225279E+021   2.577430220659701E+021   2.893239876768981E+021
   3.274262861258997E+021   3.739875308321681E+021   4.317235073120530E+021
   5.045359498621436E+021   5.981933518216920E+021   7.215152446941351E+021
   8.885239208705600E+021   1.122409122226892E+022   1.461657231616370E+022
   1.960382337718779E+022   2.641590076789790E+022   3.341288929411224E+022
   3.635729989614636E+022   3.315460928133805E+022   2.728083387138052E+022
   2.238483875645625E+022   1.922457292190224E+022   1.738217037497760E+022
   1.650120050859814E+022   1.642570427995695E+022   1.714752270851327E+022
   1.881451651856861E+022   2.180465107586404E+022   2.693022662691999E+022
   3.599578285794158E+022   5.352840500898723E+022
   1.070017056133853E+020   1.800536992036000E+020   1.820867593889631E+020
   1.841867009280913E+020   1.863564398707591E+020   1.885990554774269E+020
   1.909178010863259E+020   1.933161165252422E+020   1.957976411090423E+020
   1.983662278272356E+020   2.010259587298791E+020   2.037811616277447E+020
   2.066364282371145E+020   2.095966339141675E+020   2.126669591405115E+020
   2.158529129401518E+020   2.191603584293709E+020   2.225955407249851E+020
   2.261651174636473E+020   2.298761922157780E+020   2.337363511128730E+020
   2.377537030470283E+020   2.419369238472961E+020   2.462953048898457E+020
   2.508388066589111E+020   2.555781178443999E+020   2.605247206412978E+020
   2.656909630073646E+020   2.710901387411474E+020   2.767365763644921E+020
   2.826457379354452E+020   2.888343290821999E+020   2.953204217407531E+020
   3.021235913032441E+020   3.092650701466233E+020   3.167679198196860E+020
   3.246572245295334E+020   3.329603089970107E+020   3.417069842578630E+020
   3.509298255884422E+020   3.606644874517034E+020   3.709500612155042E+020
   3.818294824212728E+020   3.933499956147201E+020   4.055636862385918E+020
   4.185280908895768E+020   4.323068994317558E+020   4.469707651314180E+020
   4.625982422520793E+020   4.792768745765418E+020   4.971044633003707E+020
   5.161905489204429E+020   5.366581494503418E+020   5.586458069580406E+020
   5.823100066005427E+020   6.078280477645903E+020   6.354014665956592E+020
   6.652601344259509E+020   6.976671891719394E+020   7.329249990770785E+020
   7.713824135331997E+020   8.134436286963366E+020   8.595790925946175E+020
   9.103390043843841E+020   9.663701381145581E+020   1.028436961167596E+021
   1.097448348159212E+021   1.174491651809215E+021   1.260876541777759E+021
   1.358191949385424E+021   1.468380796679027E+021   1.593839154959429E+021
   1.737549408053025E+021   1.903261435222478E+021   2.095742679338462E+021
   2.321128750634074E+021   2.587423570864187E+021   2.905226673874591E+021
   3.288813731737980E+021   3.757780863693505E+021   4.339613146775073E+021
   5.073757064801804E+021   6.017342849810827E+021   7.244893012787787E+021
   8.790269979601354E+021   1.037842406762654E+022   1.097607580227743E+022
   9.365672275034883E+021   6.203732150891265E+021   3.430245273993407E+021
   1.763410130116833E+021   8.931745107707616E+020   4.515727295200796E+020
   2.282116896487400E+020   1.153347962389123E+020   5.828924661894967E+019
   2.945538023109079E+019   1.488172156475655E+019   7.516840324649524E+018
   3.795782727211032E+018   1.916223956040985E+018
   1.070017056133853E+020   1.763313411010571E+020   1.782437287305983E+020
   1.802178237574637E+020   1.822562577248635E+020   1.843618061851050E+020
   1.865373980591813E+020   1.887861263436203E+020   1.911112592808622E+020
   1.935162525369795E+020   1.960047623843595E+020   1.985806599842181E+020
   2.012480468754873E+020   2.040112717882558E+020   2.068749489131390E+020
   2.098439777728248E+020   2.129235648588011E+020   2.161192472151943E+020
   2.194369181730498E+020   2.228828554626193E+020   2.264637519587144E+020
   2.301867493454171E+020   2.340594750219897E+020   2.380900826123473E+020
   2.422872964867361E+020   2.466604607572067E+020   2.512195932691532E+020
   2.559754451808771E+020   2.609395668033138E+020   2.661243804645012E+020
   2.715432612701625E+020   2.772106267554153E+020   2.831420365660812E+020
   2.893543034748920E+020   2.958656172323494E+020   3.026956829791964E+020
   3.098658762135846E+020   3.173994166185310E+020   3.253215634232050E+020
   3.336598354059960E+020   3.424442591616164E+020   3.517076498651953E+020
   3.614859294936431E+020   3.718184883335252E+020   3.827485966461996E+020
   3.943238746135435E+020   4.065968301992135E+020   4.196254763912756E+020
   4.334740415179805E+020   4.482137890452997E+020   4.639239665943843E+020
   4.806929080148828E+020   4.986193174156855E+020   5.178137703457303E+020
   5.384004751682395E+020   5.605193475183693E+020   5.843284631495425E+020
   6.100069702146084E+020   6.377585621014352E+020   6.678156376975953E+020
   7.004443092160989E+020   7.359504609498674E+020   7.746871189322351E+020
   8.170634661602853E+020   8.635559373415787E+020   9.147219602890283E+020
   9.712170912622189E+020   1.033816537659314E+021   1.103442401049640E+021
   1.181198447202682E+021   1.268414878139390E+021   1.366706536115018E+021
   1.478049351984264E+021   1.604881881146395E+021   1.750241799933117E+021
   1.917951832280848E+021   2.112876681230580E+021   2.341283743570562E+021
   2.611358448127244E+021   2.933954845204964E+021   3.323710623084413E+021
   3.800694648220239E+021   4.392200952104425E+021   5.128460153874458E+021
   5.997105332827892E+021   6.768802764263102E+021   6.772438531983641E+021
   5.402176444659626E+021   3.307552894515036E+021   1.676228399446651E+021
   7.857318400785352E+020   3.618419168809045E+020   1.660668424286651E+020
   7.611877425998512E+019   3.487486966678152E+019   1.597470178302995E+019
   7.315517377251725E+018   3.349194336949257E+018   1.532900476915295E+018
   7.013963371510010E+017   3.208394877603169E+017
   1.070017056133853E+020   1.330035581407982E+020   1.336905827726643E+020
   1.343943112113989E+020   1.351152458005776E+020   1.358539079259649E+020
   1.366108388246979E+020   1.373866005934138E+020   1.381817771502075E+020
   1.389969752758984E+020   1.398328257145083E+020   1.406899843366248E+020
   1.415691333698315E+020   1.424709827006827E+020   1.433962712530364E+020
   1.443457684479294E+020   1.453202757505801E+020   1.463206283105363E+020
   1.473476967014606E+020   1.484023887675610E+020   1.494856515842334E+020
   1.505984735410944E+020   1.517418865562496E+020   1.529169684313688E+020
   1.541248453579360E+020   1.553666945859069E+020   1.566437472669620E+020
   1.579572914855796E+020   1.593086754922948E+020   1.606993111547629E+020
   1.621306776436170E+020   1.636043253716187E+020   1.651218802062616E+020
   1.666850479778127E+020   1.682956193067896E+020   1.699554747770935E+020
   1.716665904834654E+020   1.734310439846444E+020   1.752510206966013E+020
   1.771288207635378E+020   1.790668664480229E+020   1.810677100857132E+020
   1.831340426546451E+020   1.852687030141241E+020   1.874746878738553E+020
   1.897551625602179E+020   1.921134726535735E+020   1.945531565783073E+020
   1.970779592360386E+020   1.996918467822238E+020   2.023990226573598E+020
   2.052039449963296E+020   2.081113455533117E+020   2.111262502953046E+020
   2.142540018349582E+020   2.175002838933257E+020   2.208711480056981E+020
   2.243730427092342E+020   2.280128454801007E+020   2.317978977208167E+020
   2.357360431360468E+020   2.398356698779347E+020   2.441057568910311E+020
   2.485559249429331E+020   2.531964928910562E+020   2.580385398098679E+020
   2.630939736880184E+020   2.683756075030082E+020   2.738972435945876E+020
   2.796737673896698E+020   2.857212516843648E+020   2.920570728666280E+020
   2.987000406705782E+020   3.056705432963028E+020   3.129907100136180E+020
   3.206845937028897E+020   3.287783761804620E+020   3.373005996212691E+020
   3.462824278288387E+020   3.557579351896736E+020   3.657641950149556E+020
   3.763362112205731E+020   3.874332510670800E+020   3.983213123607502E+020
   4.045136948851436E+020   3.901154873082985E+020   3.274526361367906E+020
   2.151384632745127E+020   1.068851729196092E+020   4.354330822116420E+019
   1.632874898395207E+019   6.001885148808282E+018   2.196159188049492E+018
   8.021605863716801E+017   2.927976165213167E+017   1.068379608120979E+017
   3.897211129913246E+016   1.421200255501647E+016   5.181199757709841E+015
   1.888335749415173E+015   6.880213525086174E+014
   1.070017056133853E+020   2.629380755888740E+019   2.580512516621629E+019
   2.532006646308840E+019   2.483873546583587E+019   2.436123409626054E+019
   2.388766212480514E+019   2.341811704302421E+019   2.295269398729542E+019
   2.249148565304207E+019   2.203458221172266E+019   2.158207123079830E+019
   2.113403759682380E+019   2.069056344180838E+019   2.025172807298570E+019
   1.981760790612603E+019   1.938827640251635E+019   1.896380400972659E+019
   1.854425810627242E+019   1.812970295027650E+019   1.772019963222190E+019
   1.731580603188215E+019   1.691657677950351E+019   1.652256322130563E+019
   1.613381338935711E+019   1.575037197587276E+019   1.537228031196954E+019
   1.499957635090810E+019   1.463229465583676E+019   1.427046639204456E+019
   1.391411932372021E+019   1.356327781520321E+019   1.321796283670373E+019
   1.287819197445776E+019   1.254397944527417E+019   1.221533611542078E+019
   1.189226952378696E+019   1.157478390925112E+019   1.126288024217240E+019
   1.095655625991713E+019   1.065580650632245E+019   1.036062237499090E+019
   1.007099215630284E+019   9.786901088025440E+018   9.508331409390608E+018
   9.235262418507545E+018   8.967670532969481E+018   8.705529353508655E+018
   8.448809730548422E+018   8.197479833496744E+018   7.951505222621086E+018
   7.710848923341208E+018   7.475471502773030E+018   7.245331148354246E+018
   7.020383748380083E+018   6.800582974276071E+018   6.585880364433512E+018
   6.376225409432684E+018   6.171565638478734E+018   5.971846706875534E+018
   5.777012484363566E+018   5.587005144149264E+018   5.401765252454890E+018
   5.221231858420274E+018   5.045342584190274E+018   4.874033715024851E+018
   4.707240289271997E+018   4.544896188047512E+018   4.386934224469712E+018
   4.233286232301518E+018   4.083883153857140E+018   3.938655127035464E+018
   3.797531571347581E+018   3.660441272811267E+018   3.527312467590946E+018
   3.398072924267517E+018   3.272650024628387E+018   3.150970842862937E+018
   3.032962222053029E+018   2.918550793469805E+018   2.807661170545186E+018
   2.700177555612024E+018   2.595460949994066E+018   2.488667196017130E+018
   2.354414646206767E+018   2.112776089505428E+018   1.648292164216619E+018
   1.005593470572645E+018   4.636273641523618E+017   1.752199252291157E+017
   6.094943591696943E+016   2.077958459371735E+016   7.052393482325344E+015
   2.389209619661885E+015   8.088713671289933E+014   2.737512138928477E+014
   9.261957216388684E+013   3.132726102669409E+013   1.059292203496187E+013
   3.580823680004340E+012   1.210107402981813E+012
