         169   3.165432000000000E-004
  -1.384773451800868E-001   8.984373225098259E-002   9.512634841662072E-001
  -4.010328732868154E-001   7.579664247734828E-002   9.414083057703192E-001
  -7.323820937005098E-001   5.373669209622302E-002   9.244985319469367E-001
       -1.094093819377097   2.203651146833108E-002   8.989461145947251E-001
       -1.211120509158344   9.637492710265040E-003   8.890790142586595E-001
       -1.385835387348611  -1.111553164216401E-002   8.732112723426296E-001
       -1.616401957342909  -4.289487405718125E-002   8.510371073853898E-001
       -1.700515080685053  -5.577182300249316E-002   8.428292695088360E-001
       -1.834609254413763  -7.772576822136024E-002   8.297964434089886E-001
       -1.939576190100882  -9.612423471771017E-002   8.197106450875600E-001
       -2.099166125605040  -1.261059025174660E-001   8.046547826309726E-001
       -2.315669966967000  -1.705601842970651E-001   7.848423116543599E-001
       -2.315669966967000  -1.705601842970651E-001   7.848423116543599E-001
       -2.396244677137738  -1.881876693658740E-001   7.776567365921889E-001
       -2.465491121300425  -2.037963269965224E-001   7.715642252203331E-001
       -2.526224351514474  -2.178312242420431E-001   7.662843476081779E-001
       -2.629106678881398  -2.423318654401219E-001   7.574773826283995E-001
       -2.714322622527038  -2.633053151200849E-001   7.503148287819673E-001
       -2.787095296645770  -2.816956349573701E-001   7.442938718385855E-001
       -2.850623097016747  -2.981054257267678E-001   7.391102469621249E-001
       -2.907007988336809  -3.129442852593062E-001   7.345660496502342E-001
       -3.003767578639164  -3.390004901611274E-001   7.268913375195740E-001
       -3.084930070325751  -3.614240849083996E-001   7.205723806813833E-001
       -3.154857986564882  -3.811519159111091E-001   7.152128512833136E-001
       -3.216301200786408  -3.987933584018549E-001   7.105664585772814E-001
       -3.271106123379577  -4.147683410727200E-001   7.064699858029042E-001
       -3.320573197728996  -4.293792146577008E-001   7.028098754419447E-001
       -3.407062905653558  -4.553573128447145E-001   6.964913013389954E-001
       -3.480967958856760  -4.779854873281871E-001   6.911681645055915E-001
       -3.545488874280049  -4.980603090986880E-001   6.865733108650484E-001
       -3.602738439177454  -5.161198709813036E-001   6.825334964756212E-001
       -3.654185609286124  -5.325456369147563E-001   6.789301928842938E-001
       -3.743657008462965  -5.615510393958162E-001   6.727171338033957E-001
       -3.819657389699505  -5.866241454989267E-001   6.674841075904988E-001
       -3.885686811756657  -6.087297064786069E-001   6.629636803513825E-001
       -3.944035165014506  -6.285117206276485E-001   6.589842884572441E-001
       -3.996283544947016  -6.464224547348723E-001   6.554294449864236E-001
       -4.086740979099980  -6.778699576177288E-001   6.492847892783649E-001
       -4.163183524128720  -7.048784519924958E-001   6.440917914992381E-001
       -4.229309209361765  -7.285622760576677E-001   6.395913703204860E-001
       -4.287523673563921  -7.496592276292944E-001   6.356176383578402E-001
       -4.339480142229264  -7.686839693509703E-001   6.320580116390999E-001
       -4.386363765278440  -7.860102472646173E-001   6.288325867782965E-001
       -4.468217541607016  -8.166238001461498E-001   6.231636039212411E-001
       -4.537950826060882  -8.430719150202524E-001   6.182878541342592E-001
       -4.598606175756133  -8.663547444379588E-001   6.140053670219523E-001
       -4.652212580850692  -8.871490263188949E-001   6.101836198423157E-001
       -4.700190391869144  -9.059344628925405E-001   6.067302220016129E-001
       -4.743572361153261  -9.230637030777008E-001   6.035781680543880E-001
       -4.819466574994913  -9.533615318686102E-001   5.979890887226098E-001
       -4.884230119490191  -9.795540860889407E-001   5.931356975519607E-001
       -4.940609259975022       -1.002613656220653   5.888400739596225E-001
       -4.990452265296144       -1.023203114571584   5.849822405636389E-001
       -5.035061651348245       -1.041794879163538   5.814774100197999E-001
       -5.075389250969633       -1.058737623669737   5.782634173173852E-001
       -5.112151360582296       -1.074296087713913   5.752933103889636E-001
       -5.177070588357782       -1.102040634856726   5.699470216246189E-001
       -5.233002387709877       -1.126225812368852   5.652279846629016E-001
       -5.282036475548035       -1.147647885768610   5.609968312736892E-001
       -5.325617026741346       -1.166863337476129   5.571564542323454E-001
       -5.364782781194672       -1.184276395011081   5.536364391934094E-001
       -5.400305186209945       -1.200189931401449   5.503840714012296E-001
       -5.432772430387899       -1.214836723947300   5.473588414101331E-001
       -5.490280679002717       -1.241024403947173   5.418688892529858E-001
       -5.539979223700367       -1.263913816598838   5.369792696952004E-001
       -5.583646043290589       -1.284228482473340   5.325634610928739E-001
       -5.622522210249548       -1.302478701351340   5.285318691676121E-001
       -5.657507154571342       -1.319037721840154   5.248186507764623E-001
       -5.689272775088611       -1.334186693889400   5.213739467731502E-001
       -5.745092533652838       -1.361076332536096   5.151433192746817E-001
       -5.769869808747121       -1.373124872972914   5.123019984826296E-001
       -5.814470015569458       -1.394992513591123   5.070650530721037E-001
       -5.853707662930048       -1.414426744181255   5.023232803344829E-001
       -5.888683895065808       -1.431909138150868   4.979871304820289E-001
       -5.920198114577233       -1.447792445815440   4.939900811335177E-001
       -5.948848152568421       -1.462342612827731   4.902812642753646E-001
       -5.999288857540384       -1.488221341675398   4.835769804543904E-001
       -6.021723621635110       -1.499841339818397   4.805238076416712E-001
       -6.062189566013880       -1.520975599831757   4.749076738563622E-001
       -6.080566941719269       -1.530649229248056   4.723118201876981E-001
       -6.114273174012454       -1.548516790212964   4.674798520156255E-001
       -6.144577421900312       -1.564721196228227   4.630608417947513E-001
       -6.172092188826520       -1.579550815588239   4.589913628093608E-001
       -6.220503062488439       -1.605917121438305   4.517127939619639E-001
       -6.242041334209477       -1.617761565623757   4.484320805653184E-001
       -6.280933403890915       -1.639329218962431   4.424543160994204E-001
       -6.298624529549709       -1.649217029093185   4.397165759553194E-001
       -6.331137277010911       -1.667515457691689   4.346635012643179E-001
       -6.360459115528715       -1.684159166352207   4.300914826654306E-001
       -6.387173148774014       -1.699439401674940   4.259226295144052E-001
       -6.434431158138634       -1.726743156838752   4.185645039993850E-001
       -6.455578279043300       -1.739073504876393   4.152882907948073E-001
       -6.493982913201381       -1.761642771997509   4.093809548398369E-001
       -6.511554222232707       -1.772044284518107   4.067013650049082E-001
       -6.544028775060476       -1.791391210169138   4.017961878360215E-001
       -6.573533650470559       -1.809106131493683   3.974007581279805E-001
       -6.600607726811893       -1.825474889055970   3.934256175669869E-001
       -6.625655941924365       -1.840713984030066   3.898022181973501E-001
       -6.670855353370587       -1.868439802770108   3.834072111085889E-001
       -6.691447775943674       -1.881166341827472   3.805585434845704E-001
       -6.729423286984903       -1.904788039793884   3.754166992615774E-001
       -6.747046804355929       -1.915816023858350   3.730807633449351E-001
       -6.780028684742026       -1.936563966380400   3.687961810737422E-001
       -6.795532138608265       -1.946365143513739   3.668216124193102E-001
       -6.824854642918042       -1.964985479832653   3.631560533854014E-001
       -6.852235709699387       -1.982468872069823   3.598144098908697E-001
       -6.877968158661576       -1.998982054618670   3.567447801643801E-001
       -6.902282939755086       -2.014657291345173   3.539064788879168E-001
       -6.925365426070233       -2.029601299559694   3.512670801316269E-001
       -6.968411411373719       -2.057630219101216   3.464848526728401E-001
       -6.988603819680800       -2.070848358839189   3.443027577780861E-001
       -7.026770295955667       -2.095951172383181   3.402815756687686E-001
       -7.044883541588369       -2.107917724690548   3.384192058716228E-001
       -7.079449651489138       -2.130846345347834   3.349446979384234E-001
       -7.112095830021037       -2.152610150064575   3.317559230559525E-001
       -7.143105576474342       -2.173378146012540   3.288072657395690E-001
       -7.172703133228447       -2.193284586435978   3.260631597316639E-001
       -7.201068931217582       -2.212437902416736   3.234953696815394E-001
       -7.228350308044321       -2.230926933328774   3.210811260811196E-001
       -7.254669136250895       -2.248825382261194   3.188018130015863E-001
       -7.280127373196040       -2.266195071625936   3.166420242025189E-001
       -7.304811177426820       -2.283088367512871   3.145888708624316E-001
       -7.328794014298042       -2.299550015501321   3.126314649885473E-001
       -7.352139034847761       -2.315618551670140   3.107605279033724E-001
       -7.374900922932235       -2.331327401675269   3.089680893559433E-001
       -7.397127347149963       -2.346705747208876   3.072472533423360E-001
       -7.440136098581096       -2.376570440396292   3.039971076349999E-001
       -7.460987986941525       -2.391099503323966   3.024578974936221E-001
       -7.501532884389099       -2.419440907960892   2.995305864807349E-001
       -7.540693413531424       -2.446925721219630   2.967822679755641E-001
       -7.578630990970732       -2.473653475440451   2.941905508985203E-001
       -7.615478673906812       -2.499706308697902   2.917371336315552E-001
       -7.651347517887610       -2.525152838583539   2.894068567970849E-001
       -7.686331247061181       -2.550051015243389   2.871870152238105E-001
       -7.720509746162369       -2.574450259449830   2.850668486450731E-001
       -7.753951713062047       -2.598393089875026   2.830371582919182E-001
       -7.786716702457970       -2.621916378947844   2.810900138587479E-001
       -7.818856720796521       -2.645052334346273   2.792185264561193E-001
       -7.850417485588056       -2.667829274909050   2.774166704927450E-001
       -7.881439430412710       -2.690272250498734   2.756791423497432E-001
       -7.911958514885070       -2.712403542004568   2.740012470769613E-001
       -7.942006883368890       -2.734243068274868   2.723788066837636E-001
       -7.971613405197343       -2.755808720052094   2.708080852520184E-001
       -8.000804121178250       -2.777116636119200   2.692857272853744E-001
       -8.029602615327066       -2.798181433299456   2.678087065703917E-001
       -8.058030326450046       -2.819016399307422   2.663742834581761E-001
       -8.086106810967566       -2.839633655467205   2.649799689457446E-001
       -8.113849965925551       -2.860044294814888   2.636234942897354E-001
       -8.141276219280268       -2.880258499957145   2.623027851530948E-001
       -8.195237344289552       -2.920134378589319   2.597612085366598E-001
       -8.248097895259198       -2.959328054690449   2.573417657391467E-001
       -8.299950474756880       -2.997896928319648   2.550329599179970E-001
       -8.350875386709134       -3.035890776461675   2.528248943229194E-001
       -8.400942807679629       -3.073353098721203   2.507089825756238E-001
       -8.450214489161262       -3.110322172413011   2.486777225400829E-001
       -8.498745108912457       -3.146831890157407   2.467245175927366E-001
       -8.546583355848551       -3.182912432340441   2.448435337436071E-001
       -8.593772809981457       -3.218590812543949   2.430295842341396E-001
       -8.640352662815353       -3.253891324085989   2.412780354485382E-001
       -8.686358312182247       -3.288835908734115   2.395847295404975E-001
       -8.731821857267677       -3.323444463551658   2.379459203019067E-001
       -8.776772513560909       -3.357735098108920   2.363582196195376E-001
       -8.821236963012977       -3.391724351532513   2.348185524703239E-001
       -8.865239651354193       -3.425427376801005   2.333241188572270E-001
       -8.908803042001718       -3.458858098132498   2.318723614283534E-001
       -8.951947834061082       -3.492029346115433   2.304609377816777E-001
       -8.994693150439197       -3.524952974312684   2.290876966575733E-001
       -9.037056700929641       -3.557639960351908   2.277506573764975E-001
       -9.079054924223582       -3.590100493952711   2.264479920005867E-001
