   7.877747604560296E-010   2.891005569601389E+022
   2.345127966339048E-009   2.913138790207290E+022
   3.516428351892589E-009   2.903438463331972E+022
   4.455836257685287E-009   2.873136450429869E+022
   5.286143226996442E-009   2.832330887025921E+022
   6.115655885339328E-009   2.790140671215389E+022
   7.038838187073537E-009   2.754388248585026E+022
   8.126286662242434E-009   2.730987686365380E+022
   9.398349951104020E-009   2.722610040620798E+022
   1.083592202276271E-008   2.729408437502288E+022
   1.241242454170279E-008   2.750791244779573E+022
   1.408463026165894E-008   2.784788400565547E+022
   1.580403241329171E-008   2.828542316826822E+022
   1.752501594138268E-008   2.878646516628656E+022
   1.920913696099785E-008   2.931334056473736E+022
   2.082641617991984E-008   2.982601291387203E+022
   2.235613328221925E-008   3.028471184741890E+022
   2.378744227820834E-008   3.065432300975338E+022
   2.511962343256457E-008   3.090974916681985E+022
   2.636151673054194E-008   3.104042748319156E+022
   2.752961636814051E-008   3.105198845833531E+022
   2.864555874434412E-008   3.096478923087215E+022
   2.973316780824526E-008   3.080971223905091E+022
   3.081552975870509E-008   3.062262021246739E+022
   3.190917830486189E-008   3.043675429348077E+022
   3.301949056530413E-008   3.027665041703964E+022
   3.415572434323958E-008   3.016422882431732E+022
   3.532074085397513E-008   3.010985783422172E+022
   3.651077064410283E-008   3.011108924644598E+022
   3.771682443834178E-008   3.015409630803322E+022
   3.892066134922473E-008   3.021466386073997E+022
   4.011335701294815E-008   3.027218920868558E+022
   4.129058839884089E-008   3.031206855028400E+022
   4.245354050970026E-008   3.033015323664523E+022
   4.360803229374796E-008   3.033373775524139E+022
   4.476223508099874E-008   3.033868176521296E+022
   4.592374153972852E-008   3.036369047064140E+022
   4.709491310221506E-008   3.042314610233081E+022
   4.826746246356078E-008   3.052106841698599E+022
   4.943775120962612E-008   3.065275569316306E+022
   5.060025474049223E-008   3.080251068812033E+022
   5.174941976669245E-008   3.094689122696964E+022
   5.288128834352057E-008   3.106013704684408E+022
   5.399466106322255E-008   3.112089433383190E+022
   5.509161761344072E-008   3.111894462427878E+022
   5.617740781735055E-008   3.106013523599439E+022
   5.725971054219536E-008   3.096757809952085E+022
   5.834725000656586E-008   3.087776266876555E+022
   5.944320832182254E-008   3.083150769449715E+022
   6.055103475763312E-008   3.086156946438573E+022
   6.166959642923093E-008   3.097871601527929E+022
   6.279158907839812E-008   3.116051121008372E+022
   6.390291665460628E-008   3.134713922280368E+022
   6.499205272113677E-008   3.144845599539449E+022
   6.605123048082188E-008   3.136673331516190E+022
   6.707990988739784E-008   3.103201262240396E+022
   6.808773494491442E-008   3.043682181833224E+022
   6.909543765146882E-008   2.965102050576416E+022
   7.012860788256293E-008   2.880696937274518E+022
   7.121893208040986E-008   2.806227532007978E+022
   7.238651506169006E-008   2.756398535408861E+022
   7.362860586101554E-008   2.742759116200465E+022
   7.491206757203958E-008   2.773284125638937E+022
   7.618447058761215E-008   2.852653498298663E+022
   7.739715043790123E-008   2.982049471312419E+022
   7.851739472889115E-008   3.157556490592379E+022
   7.953711882154038E-008   3.366265310011061E+022
   8.047370839738327E-008   3.580725700767251E+022
   8.136450484155351E-008   3.756158229382375E+022
   8.221590070218008E-008   3.840687498343983E+022
   8.296802600240210E-008   3.801278643442608E+022
   8.368431930479846E-008   3.642785271484300E+022
   8.443727227901759E-008   3.409087804908761E+022
   8.529718498108206E-008   3.156542928745241E+022
   8.631545083962061E-008   2.929270919149212E+022
   8.750691791976189E-008   2.751396039837508E+022
   8.883613516468786E-008   2.630831970946891E+022
   9.021442868440345E-008   2.565568316316976E+022
   9.151229923065446E-008   2.548437231255942E+022
   9.272751847824067E-008   2.567547681726065E+022
   9.391437527427581E-008   2.609242156297016E+022
   9.506976837265151E-008   2.661419232886714E+022
   9.619898971234895E-008   2.713878711806384E+022
   9.730569236096910E-008   2.759504566909884E+022
   9.839870336404903E-008   2.794399696726836E+022
   9.948518738559698E-008   2.817491141376816E+022
   1.005692057442482E-007   2.829626225710651E+022
   1.016530089539300E-007   2.832671566194703E+022
   1.027377303943636E-007   2.828887989369538E+022
   1.038236928389646E-007   2.820533280931190E+022
   1.049113337917873E-007   2.809564887617191E+022
   1.060007658572410E-007   2.797461356205900E+022
   1.070919587410650E-007   2.785201653242095E+022
   1.081844507637079E-007   2.773371232052004E+022
   1.092778676347640E-007   2.762259728314682E+022
   1.103721602432476E-007   2.751949957061465E+022
   1.114673310261931E-007   2.742397232047399E+022
   1.125629678894863E-007   2.733498564623005E+022
   1.136589821680059E-007   2.725124853182485E+022
   1.147554885918824E-007   2.717152704719126E+022
   1.158523913769944E-007   2.709486040657568E+022
   1.169495880183096E-007   2.702054701376771E+022
   1.180472188692778E-007   2.694805412495204E+022
   1.191451474472765E-007   2.687704142752461E+022
   1.202433377434765E-007   2.680722628175436E+022
   1.213418137179834E-007   2.673835003112281E+022
   1.224402172123355E-007   2.667024231959791E+022
   1.235386554973254E-007   2.660267726147115E+022
   1.246372771935005E-007   2.653546586262428E+022
   1.257362416559773E-007   2.646846966167786E+022
   1.268352414705572E-007   2.640167381264418E+022
   1.279342965739319E-007   2.633502729689965E+022
   1.290335578204995E-007   2.626845391843230E+022
   1.301330986615187E-007   2.620187073719515E+022
   1.312326689262313E-007   2.613522492110759E+022
   1.323324148599028E-007   2.606838083195032E+022
   1.334324889548934E-007   2.600120443389009E+022
   1.345326575792378E-007   2.593364407688452E+022
   1.356332061068370E-007   2.586560080552348E+022
   1.367340346086679E-007   2.579700482015446E+022
   1.378348085271353E-007   2.572794681532699E+022
   1.389364775498934E-007   2.565803793528250E+022
   1.400385492243084E-007   2.558735385566825E+022
   1.411411247862702E-007   2.551575093908439E+022
   1.422441703088648E-007   2.544308455087758E+022
   1.433477265794837E-007   2.536919070880404E+022
   1.444519557276649E-007   2.529389511984534E+022
   1.455570303447853E-007   2.521704056448985E+022
   1.466629049122282E-007   2.513852586355649E+022
   1.477696696231215E-007   2.505824542582199E+022
   1.488774934161944E-007   2.497609048073069E+022
   1.499864514168860E-007   2.489197031761001E+022
   1.510966003470030E-007   2.480579777626403E+022
   1.522081176668262E-007   2.471746832430388E+022
   1.533210911797971E-007   2.462689535387938E+022
   1.544356280715082E-007   2.453399472203075E+022
   1.555519056535099E-007   2.443867786872897E+022
   1.566700052636259E-007   2.434087672723337E+022
   1.577900834215462E-007   2.424051798768518E+022
   1.589122936010548E-007   2.413753724637298E+022
   1.600367860539786E-007   2.403188266941718E+022
   1.611637023149746E-007   2.392351912584861E+022
   1.622931846822590E-007   2.381242972566208E+022
   1.634254225932078E-007   2.369860876565664E+022
   1.645605832511946E-007   2.358206551321738E+022
   1.656988120631200E-007   2.346281131417944E+022
   1.668402838704995E-007   2.334083593817159E+022
   1.679852061845306E-007   2.321609386095171E+022
   1.691337226235220E-007   2.308851524370072E+022
   1.702860010248621E-007   2.295800497472863E+022
   1.714422416502529E-007   2.282446329240307E+022
   1.726025924747171E-007   2.268782338560211E+022
   1.737673213145465E-007   2.254804980475103E+022
   1.749366256305326E-007   2.240517192854987E+022
   1.761107896715981E-007   2.225925398713519E+022
   1.772901587507758E-007   2.211037897419498E+022
   1.784748472263672E-007   2.195866283125079E+022
   1.796649517710065E-007   2.180420824660327E+022
   1.808607304477800E-007   2.164707728509763E+022
   1.820625873488167E-007   2.148730216014871E+022
   1.832706317555610E-007   2.132495556344732E+022
   1.844849529060573E-007   2.116012461162714E+022
   1.857060714972000E-007   2.099285427105773E+022
   1.869341485986990E-007   2.082322923347070E+022
   1.881692893906268E-007   2.065131225044449E+022
   1.894120070568140E-007   2.047707347019930E+022
   1.906624097112823E-007   2.030049017246230E+022
   1.919207162418537E-007   2.012150398421378E+022
   1.931872662827453E-007   1.994005216193899E+022
   1.944621975096239E-007   1.975613622723256E+022
   1.957460302783294E-007   1.956977204360141E+022
   1.970389121005468E-007   1.938107401136318E+022
   1.983416345508877E-007   1.919012409561235E+022
   1.996543421426747E-007   1.899708983267302E+022
   2.009770883368097E-007   1.880214277402713E+022
   2.023101702333442E-007   1.860541732156751E+022
   2.036543179335696E-007   1.840699783568989E+022
   2.050096009283451E-007   1.820703837008111E+022
   2.063762348147715E-007   1.800567473885777E+022
   2.077550190279706E-007   1.780296337945845E+022
   2.091460372577994E-007   1.759898699003098E+022
   2.105497092372237E-007   1.739373195771903E+022
   2.119665178934963E-007   1.718711979873064E+022
   2.133965159568809E-007   1.697907952763959E+022
   2.148404621415608E-007   1.676948144241650E+022
   2.162984714574382E-007   1.655830552042346E+022
   2.177713494029207E-007   1.634554016707822E+022
   2.192593280365969E-007   1.613129822241847E+022
   2.207637178506732E-007   1.591564895906042E+022
   2.222846703196955E-007   1.569878887175454E+022
   2.238222133130494E-007   1.548092098580929E+022
   2.253772792478162E-007   1.526215706512683E+022
   2.269506229615701E-007   1.504261128048088E+022
   2.285422926477078E-007   1.482244440357212E+022
   2.301533530987326E-007   1.460172196171316E+022
   2.317843886592885E-007   1.438052377951492E+022
   2.334356749877290E-007   1.415890840841538E+022
   2.351084711663507E-007   1.393680507741899E+022
   2.368028277320854E-007   1.371418528100316E+022
   2.385200229768512E-007   1.349090651106762E+022
   2.402602287631026E-007   1.326692349610050E+022
   2.420247191358733E-007   1.304216705211979E+022
   2.438140062304701E-007   1.281669889793104E+022
   2.456294315021619E-007   1.259060097758279E+022
   2.474722290166310E-007   1.236402355590662E+022
   2.493436301268550E-007   1.213714877964329E+022
   2.512437306744034E-007   1.191023196045772E+022
   2.531740956592097E-007   1.168341761089737E+022
   2.551359612907567E-007   1.145684418021118E+022
   2.571296288976281E-007   1.123067161132517E+022
   2.591575114332013E-007   1.100490046424894E+022
   2.612198020821293E-007   1.077962188961659E+022
   2.633186831930369E-007   1.055478344108355E+022
   2.654546120880483E-007   1.033040907421581E+022
   2.676298134514542E-007   1.010643529247172E+022
   2.698450612991926E-007   9.882910313265578E+021
   2.721024068137090E-007   9.659878629561298E+021
   2.744035433509294E-007   9.437477073289107E+021
   2.767502408088579E-007   9.215904241822419E+021
   2.791456455306049E-007   8.995337565555360E+021
   2.815901470003502E-007   8.776085220640427E+021
   2.840863515344157E-007   8.558327634697236E+021
   2.866364085326647E-007   8.342219607537930E+021
   2.892419014966799E-007   8.127893672995249E+021
   2.919056334277936E-007   7.915406344390946E+021
   2.946293163910677E-007   7.704856150723369E+021
   2.974155845417201E-007   7.496328905004053E+021
   3.002670849633972E-007   7.289948081297860E+021
   3.031860478049996E-007   7.085889896182389E+021
   3.061761303289558E-007   6.884311624032174E+021
   3.092409769137931E-007   6.685389566092827E+021
   3.123826700241400E-007   6.489351104555136E+021
   3.156026192632839E-007   6.296430208819979E+021
   3.189051613263975E-007   6.106756176444852E+021
   3.222946590358246E-007   5.920448258158580E+021
   3.257720260601843E-007   5.737711399764704E+021
   3.293423798392213E-007   5.558631676015528E+021
   3.330077196661836E-007   5.383380652701872E+021
   3.367716560006478E-007   5.212093262194694E+021
   3.406376841075272E-007   5.044914383943733E+021
   3.446088221950595E-007   4.882003122708650E+021
   3.486882414559790E-007   4.723512180979525E+021
   3.528808896679245E-007   4.569549725355214E+021
   3.571872218800071E-007   4.420301269743118E+021
   3.616106880663682E-007   4.275869288432809E+021
   3.661548843469385E-007   4.136333990133239E+021
   3.708203967390822E-007   4.001808963780489E+021
   3.756102372563336E-007   3.872343431997891E+021
   3.805261256236371E-007   3.747990518318362E+021
   3.855690244987005E-007   3.628795797240657E+021
   3.907396141711789E-007   3.514788424850942E+021
   3.960382267232991E-007   3.405982018614282E+021
   4.014650108446757E-007   3.302372699178213E+021
   4.070183926343805E-007   3.203959847482691E+021
   4.126971170065840E-007   3.110716627482628E+021
   4.184991452044659E-007   3.022603893531793E+021
   4.244215768013055E-007   2.939567921848300E+021
   4.304606492377776E-007   2.861537449335951E+021
   4.366124196220710E-007   2.788414664552980E+021
   4.428714493735944E-007   2.720090259116568E+021
   4.492319295170820E-007   2.656432738409079E+021
   4.556870937156555E-007   2.597298636179610E+021
   4.622304486571379E-007   2.542525033682123E+021
   4.688562850039426E-007   2.491931149966678E+021
   4.755554563442435E-007   2.445362295840953E+021
   4.823209362940479E-007   2.402638994380265E+021
   4.891455110801029E-007   2.363580426090458E+021
   4.960195772089375E-007   2.328022024200529E+021
   5.029365165414961E-007   2.295767568661159E+021
   5.098889537156044E-007   2.266621499435577E+021
   5.168684512986199E-007   2.240391023980276E+021
   5.238671017842114E-007   2.216875010451285E+021
   5.308758756175408E-007   2.195880690691646E+021
   5.378917055572314E-007   2.177174192436672E+021
   5.449079446274880E-007   2.160559353390455E+021
   5.519166142804674E-007   2.145862768078421E+021
   5.589161502296259E-007   2.132879908748375E+021
   5.658994867177185E-007   2.121463742377089E+021
   5.728641925458988E-007   2.111450322373511E+021
   5.798061936832867E-007   2.102702789121152E+021
   5.867225562621723E-007   2.095089278622015E+021
   5.936101416155092E-007   2.088490297204115E+021
   6.004670293037994E-007   2.082787543929770E+021
   6.072915083363722E-007   2.077870268069360E+021
   6.140817005284369E-007   2.073637954630091E+021
   6.208353113105526E-007   2.070002984021908E+021
   6.275516898304376E-007   2.066878819058285E+021
   6.342319812400815E-007   2.064180304998261E+021
   6.408733543831259E-007   2.061860405598807E+021
   6.474775452411579E-007   2.059853947857627E+021
   6.540441472415986E-007   2.058118760877243E+021
   6.605711981262120E-007   2.056629577492554E+021
   6.670600789835527E-007   2.055345867372414E+021
   6.735117822018104E-007   2.054234506263080E+021
   6.799256246676621E-007   2.053283077836373E+021
   6.863008639540172E-007   2.052465930482739E+021
   6.926391194988056E-007   2.051761542082793E+021
   6.989409877554142E-007   2.051152095564040E+021
   7.052058922989524E-007   2.050628733808675E+021
   7.114343673216641E-007   2.050177997249874E+021
   7.176269676983677E-007   2.049788967554391E+021
   7.237842871266511E-007   2.049453367986384E+021
   7.299068868260841E-007   2.049165865464810E+021
   7.359953347293467E-007   2.048922886666932E+021
   7.420501613626469E-007   2.048721482334794E+021
   7.480716677598672E-007   2.048559198811650E+021
   7.540597564445833E-007   2.048434381055648E+021
   7.600146293330796E-007   2.048342148873942E+021
   7.659385363944702E-007   2.048265357943729E+021
   7.718302072178605E-007   2.048207089335066E+021
   7.776905903714901E-007   2.048159193306698E+021
   7.835201268872466E-007   2.048118017228321E+021
   7.893200126981929E-007   2.048077396459125E+021
   7.950894457022507E-007   2.048043449976273E+021
   8.008303366373313E-007   2.048008211982620E+021
   8.065417545068243E-007   2.047979578656914E+021
   8.122247391841022E-007   2.047954639834519E+021
   8.178801998687193E-007   2.047930830869334E+021
   8.235073693373079E-007   2.047913991062439E+021
   8.291075655167829E-007   2.047898268290697E+021
   8.346809950847806E-007   2.047883506883294E+021
   8.402274842784306E-007   2.047871706550507E+021
   8.457481252894357E-007   2.047858622202361E+021
   8.512431465819337E-007   2.047845203640979E+021
   8.567123431377126E-007   2.047835231604967E+021
   8.621566318448333E-007   2.047826911832863E+021
   8.675766942511730E-007   2.047819318404571E+021
   8.729718696097136E-007   2.047817430080150E+021
   8.783428952357137E-007   2.047817486817941E+021
   8.836904434690398E-007   2.047814501547596E+021
   8.890146487898218E-007   2.047805198338865E+021
   8.943153371038267E-007   2.047788083296934E+021
   8.995930712757230E-007   2.047759816532598E+021
   9.048484558368441E-007   2.047720020598125E+021
   9.100819318127877E-007   2.047672643113773E+021
   9.152932561538751E-007   2.047627556588813E+021
   9.204829554454466E-007   2.047591405472273E+021
   9.256516005262348E-007   2.047568759487740E+021
   9.307994932829566E-007   2.047561886342512E+021
   9.359267391214777E-007   2.047569802119907E+021
   9.410319683946156E-007   2.047595260580415E+021
   9.461170323233414E-007   2.047624011816248E+021
   9.511817337365155E-007   2.047652552487130E+021
   9.562261184514784E-007   2.047678512859705E+021
   9.612515234971866E-007   2.047695892345882E+021
   9.662566210287422E-007   2.047713178896919E+021
   9.712433111737260E-007   2.047723862361736E+021
   9.762102086837278E-007   2.047736186702094E+021
   9.811617629875022E-007   2.047744402808939E+021
   9.860917377233441E-007   2.047749347880396E+021
   9.910031581147009E-007   2.047749186144171E+021
   9.958966840957798E-007   2.047747952666375E+021
   1.000771708102157E-006   2.047772599490420E+021
   1.005629695581749E-006   2.047851443430465E+021
   1.010469395472015E-006   2.047996076924781E+021
   1.015292659607615E-006   2.048099296634243E+021
   1.020097939999226E-006   2.047892117262954E+021
   1.024886830406559E-006   2.046919399020391E+021
   1.029658330498183E-006   2.044730967762000E+021
   1.034413578740003E-006   2.041209456904082E+021
   1.039151956177978E-006   2.037031501985182E+021
   1.043874232930346E-006   2.034196213624049E+021
   1.048580090933174E-006   2.035692809769131E+021
   1.053270084823081E-006   2.044596223764462E+021
   1.057944138614665E-006   2.062946126159023E+021
   1.062602588816053E-006   2.090840273288181E+021
   1.067245470051594E-006   2.126159384928733E+021
   1.071873015154428E-006   2.165177962814016E+021
   1.076485287752524E-006   2.204049102442959E+021
