-14.000000 3.000000 0.100000
20
6.475000 1.750100e-010 4.230000e-005 15.025000
6.506000 1.750100e-010 4.220000e-005 15.094000
6.535000 1.750100e-010 4.220000e-005 15.165000
6.566000 1.750100e-010 4.220000e-005 15.234000
6.596000 1.750100e-010 4.220000e-005 15.304000
6.626000 1.750100e-010 4.220000e-005 15.374000
6.656000 1.750200e-010 4.220000e-005 15.444000
6.687000 1.750200e-010 4.230000e-005 15.513000
6.716000 1.750200e-010 4.220000e-005 15.584000
6.748000 1.750200e-010 4.230000e-005 15.652000
6.778000 1.750300e-010 4.220000e-005 15.722000
6.808000 1.750200e-010 4.230000e-005 15.792000
6.839000 1.750300e-010 4.230000e-005 15.861000
6.868000 1.750300e-010 4.230000e-005 15.932000
6.899000 1.750300e-010 4.230000e-005 16.001000
6.929000 1.750400e-010 4.240000e-005 16.071000
6.959000 1.750300e-010 4.240000e-005 16.141000
6.990000 1.750400e-010 4.240000e-005 16.210000
7.020000 1.750600e-010 4.280000e-005 16.280000
7.050000 1.750500e-010 4.270000e-005 16.350000
8.100000e-007
2.539000e-010 -4.666667
5.573000e-010
5.872997e-010
7.000760e-013
-1.413618e-012
170
-4.011000 1.303400e-010 2.430000e-005 -9.989000 0.666381 0.836934
-3.985000 1.303600e-010 2.430000e-005 -9.915000 0.666515 0.839979
-3.956000 1.308500e-010 2.450000e-005 -9.844000 0.669810 0.840895
-3.926000 1.308300e-010 2.450000e-005 -9.774000 0.669676 0.841102
-3.896000 1.309700e-010 2.450000e-005 -9.704000 0.670615 0.841310
-3.866000 1.309900e-010 2.460000e-005 -9.634000 0.670756 0.841517
-3.836000 1.309900e-010 2.460000e-005 -9.564000 0.670756 0.841724
-3.806000 1.310000e-010 2.460000e-005 -9.494000 0.670823 0.841931
-3.776000 1.309900e-010 2.470000e-005 -9.424000 0.670763 0.842138
-3.745000 1.312400e-010 2.460000e-005 -9.355000 0.672435 0.841636
-3.715000 1.310100e-010 2.470000e-005 -9.285000 0.670897 0.841843
-3.685000 1.309900e-010 2.460000e-005 -9.215000 0.670756 0.842050
-3.655000 1.309800e-010 2.460000e-005 -9.145000 0.670689 0.842257
-3.625000 1.310100e-010 2.460000e-005 -9.075000 0.670890 0.842464
-3.590000 1.312500e-010 2.460000e-005 -9.010000 0.672502 0.839125
-3.564000 1.305500e-010 2.440000e-005 -8.936000 0.667793 0.842169
-3.534000 1.307700e-010 2.450000e-005 -8.866000 0.669274 0.842376
-3.504000 1.309500e-010 2.460000e-005 -8.796000 0.670488 0.842584
-3.474000 1.308300e-010 2.460000e-005 -8.726000 0.669683 0.842791
-3.444000 1.309600e-010 2.460000e-005 -8.656000 0.670555 0.842998
-3.414000 1.309800e-010 2.460000e-005 -8.586000 0.670689 0.843205
-3.384000 1.309900e-010 2.470000e-005 -8.516000 0.670763 0.843412
-3.354000 1.312000e-010 2.470000e-005 -8.446000 0.672173 0.843619
-3.323000 1.310000e-010 2.470000e-005 -8.377000 0.670830 0.843117
-3.293000 1.309900e-010 2.460000e-005 -8.307000 0.670756 0.843324
-3.264000 1.312000e-010 2.470000e-005 -8.236000 0.672173 0.844241
-3.233000 1.310200e-010 2.460000e-005 -8.167000 0.670957 0.843738
-3.203000 1.309800e-010 2.460000e-005 -8.097000 0.670689 0.843946
-3.173000 1.309800e-010 2.460000e-005 -8.027000 0.670689 0.844153
-3.142000 1.309900e-010 2.470000e-005 -7.958000 0.670763 0.843650
-3.112000 1.308500e-010 2.460000e-005 -7.888000 0.669817 0.843858
-3.082000 1.309700e-010 2.460000e-005 -7.818000 0.670622 0.844065
-3.052000 1.309800e-010 2.460000e-005 -7.748000 0.670689 0.844272
-3.022000 1.309900e-010 2.470000e-005 -7.678000 0.670763 0.844479
-2.992000 1.310000e-010 2.470000e-005 -7.608000 0.670830 0.844686
-2.962000 1.310000e-010 2.470000e-005 -7.538000 0.670830 0.844893
-2.931000 1.310000e-010 2.460000e-005 -7.469000 0.670823 0.844391
-2.901000 1.310100e-010 2.470000e-005 -7.399000 0.670897 0.844598
-2.871000 1.310000e-010 2.470000e-005 -7.329000 0.670830 0.844805
-2.841800 1.310000e-010 2.470000e-005 -7.258200 0.670830 0.845580
-2.811500 1.310000e-010 2.470000e-005 -7.188500 0.670830 0.845574
-2.781500 1.310100e-010 2.470000e-005 -7.118500 0.670897 0.845781
-2.751700 1.312200e-010 2.480000e-005 -7.048300 0.672313 0.846130
-2.721500 1.310200e-010 2.470000e-005 -6.978500 0.670964 0.846196
-2.691200 1.310000e-010 2.470000e-005 -6.908800 0.670830 0.846190
-2.661500 1.312200e-010 2.480000e-005 -6.838500 0.672313 0.846610
-2.631300 1.310200e-010 2.470000e-005 -6.768700 0.670964 0.846675
-2.601300 1.310100e-010 2.470000e-005 -6.698700 0.670897 0.846882
-2.571000 1.310200e-010 2.470000e-005 -6.629000 0.670964 0.846877
-2.540700 1.310200e-010 2.480000e-005 -6.559300 0.670970 0.846871
-2.511300 1.310300e-010 2.480000e-005 -6.488700 0.671037 0.847504
-2.480700 1.310400e-010 2.470000e-005 -6.419300 0.671098 0.847285
-2.450800 1.310600e-010 2.480000e-005 -6.349200 0.671239 0.847563
-2.420600 1.310500e-010 2.480000e-005 -6.279400 0.671172 0.847629
-2.390700 1.310500e-010 2.470000e-005 -6.209300 0.671165 0.847907
-2.360900 1.312800e-010 2.490000e-005 -6.139100 0.672723 0.848256
-2.330300 1.310600e-010 2.480000e-005 -6.069700 0.671239 0.848037
-2.300200 1.310500e-010 2.470000e-005 -5.999800 0.671165 0.848173
-2.270600 1.312400e-010 2.490000e-005 -5.929400 0.672454 0.848664
-2.240200 1.309400e-010 2.480000e-005 -5.859800 0.670434 0.848588
-2.210100 1.310500e-010 2.480000e-005 -5.789900 0.671172 0.848724
-2.180400 1.310600e-010 2.480000e-005 -5.719600 0.671239 0.849144
-2.150700 1.310800e-010 2.480000e-005 -5.649300 0.671373 0.849564
-2.120900 1.311100e-010 2.480000e-005 -5.579100 0.671575 0.849913
-2.090700 1.311000e-010 2.490000e-005 -5.509300 0.671514 0.849978
-2.060700 1.313400e-010 2.490000e-005 -5.439300 0.673126 0.850185
-2.030600 1.309900e-010 2.480000e-005 -5.369400 0.670769 0.850321
-2.001000 1.311200e-010 2.490000e-005 -5.299000 0.671648 0.850812
-1.971000 1.311400e-010 2.490000e-005 -5.229000 0.671783 0.851019
-1.941300 1.311600e-010 2.490000e-005 -5.158700 0.671917 0.851439
-1.911200 1.311800e-010 2.490000e-005 -5.088800 0.672051 0.851575
-1.881700 1.312000e-010 2.490000e-005 -5.018300 0.672186 0.852137
-1.851600 1.312200e-010 2.490000e-005 -4.948400 0.672320 0.852273
-1.821500 1.312300e-010 2.490000e-005 -4.878500 0.672387 0.852410
-1.791900 1.312500e-010 2.490000e-005 -4.808100 0.672522 0.852900
-1.762200 1.312700e-010 2.490000e-005 -4.737800 0.672656 0.853320
-1.732400 1.312900e-010 2.490000e-005 -4.667600 0.672790 0.853669
-1.702800 1.313300e-010 2.500000e-005 -4.597200 0.673066 0.854160
-1.672800 1.313600e-010 2.500000e-005 -4.527200 0.673267 0.854367
-1.643600 1.313800e-010 2.500000e-005 -4.456400 0.673402 0.855142
-1.613700 1.312900e-010 2.490000e-005 -4.386300 0.672790 0.855420
-1.583900 1.314500e-010 2.500000e-005 -4.316100 0.673873 0.855769
-1.554600 1.315100e-010 2.490000e-005 -4.245400 0.674270 0.856473
-1.525300 1.315700e-010 2.500000e-005 -4.174700 0.674680 0.857176
-1.496000 1.316300e-010 2.510000e-005 -4.104000 0.675090 0.857880
-1.467100 1.317000e-010 2.500000e-005 -4.032900 0.675555 0.858868
-1.437900 1.318000e-010 2.500000e-005 -3.962100 0.676229 0.859642
-1.408800 1.318900e-010 2.500000e-005 -3.891200 0.676835 0.860488
-1.380200 1.320100e-010 2.500000e-005 -3.819800 0.677644 0.861688
-1.351800 1.321700e-010 2.500000e-005 -3.748200 0.678723 0.863030
-1.324100 1.322800e-010 2.510000e-005 -3.675900 0.679472 0.864869
-1.296800 1.326100e-010 2.510000e-005 -3.603200 0.681702 0.866991
-1.270300 1.329400e-010 2.510000e-005 -3.529700 0.683936 0.869681
-1.245100 1.333300e-010 2.520000e-005 -3.454900 0.686586 0.873293
-1.220600 1.339000e-010 2.530000e-005 -3.379400 0.690466 0.877401
-1.196700 1.345900e-010 2.540000e-005 -3.303300 0.695175 0.881936
-1.172700 1.353400e-010 2.560000e-005 -3.227300 0.700317 0.886399
-1.148700 1.361100e-010 2.590000e-005 -3.151300 0.705621 0.890862
-1.124700 1.368700e-010 2.620000e-005 -3.075300 0.710876 0.895325
-1.100600 1.376600e-010 2.650000e-005 -2.999400 0.716358 0.899718
-1.076500 1.384500e-010 2.680000e-005 -2.923500 0.721861 0.904110
-1.052300 1.392600e-010 2.710000e-005 -2.847700 0.727524 0.908431
-1.027700 1.400600e-010 2.740000e-005 -2.772300 0.733140 0.912469
-1.003400 1.408800e-010 2.770000e-005 -2.696600 0.738917 0.916719
-0.978700 1.416700e-010 2.800000e-005 -2.621300 0.744506 0.920686
-0.953900 1.424800e-010 2.830000e-005 -2.546100 0.750258 0.924582
-0.929000 1.432900e-010 2.880000e-005 -2.471000 0.756047 0.928407
-0.904000 1.440800e-010 2.900000e-005 -2.396000 0.761694 0.932160
-0.878600 1.448900e-010 2.930000e-005 -2.321400 0.767514 0.935631
-0.853500 1.457000e-010 2.970000e-005 -2.246500 0.773364 0.939314
-0.827900 1.465000e-010 3.010000e-005 -2.172100 0.779166 0.942642
-0.802400 1.473000e-010 3.050000e-005 -2.097600 0.784990 0.946041
-0.776500 1.481100e-010 3.080000e-005 -2.023500 0.790902 0.949157
-0.750600 1.489500e-010 3.120000e-005 -1.949400 0.797065 0.952272
-0.724700 1.497700e-010 3.150000e-005 -1.875300 0.803099 0.955387
-0.698500 1.505900e-010 3.190000e-005 -1.801500 0.809165 0.958290
-0.672100 1.514100e-010 3.220000e-005 -1.727900 0.815248 0.961051
-0.645700 1.522300e-010 3.250000e-005 -1.654300 0.821356 0.963812
-0.619000 1.530400e-010 3.270000e-005 -1.581000 0.827406 0.966360
-0.592400 1.538600e-010 3.310000e-005 -1.507600 0.833572 0.968979
-0.565500 1.546700e-010 3.350000e-005 -1.434500 0.839687 0.971385
-0.538100 1.554900e-010 3.380000e-005 -1.361900 0.845895 0.973436
-0.511000 1.563000e-010 3.410000e-005 -1.289000 0.852052 0.975700
-0.483800 1.570900e-010 3.440000e-005 -1.216200 0.858082 0.977894
-0.456500 1.579000e-010 3.480000e-005 -1.143500 0.864298 0.980016
-0.429000 1.586800e-010 3.520000e-005 -1.071000 0.870309 0.981997
-0.401500 1.594600e-010 3.550000e-005 -0.998500 0.876335 0.983977
-0.373800 1.602100e-010 3.590000e-005 -0.926200 0.882161 0.985816
-0.346000 1.609400e-010 3.600000e-005 -0.854000 0.887828 0.987584
-0.318100 1.616600e-010 3.640000e-005 -0.781900 0.893464 0.989280
-0.290000 1.623500e-010 3.670000e-005 -0.710000 0.898878 0.990835
-0.261950 1.630200e-010 3.710000e-005 -0.638050 0.904162 0.992426
-0.233650 1.636700e-010 3.740000e-005 -0.566350 0.909299 0.993839
-0.205270 1.642900e-010 3.760000e-005 -0.494730 0.914206 0.995195
-0.176770 1.648900e-010 3.790000e-005 -0.423230 0.918980 0.996466
-0.148170 1.654800e-010 3.820000e-005 -0.351830 0.923689 0.997666
-0.119480 1.660200e-010 3.840000e-005 -0.280520 0.928004 0.998803
-0.090700 1.665400e-010 3.870000e-005 -0.209300 0.932181 0.999875
-0.061850 1.670200e-010 3.880000e-005 -0.138150 0.936030 1.000898
-0.032900 1.674700e-010 3.910000e-005 -0.067100 0.939667 1.001850
-0.003830 1.679000e-010 3.920000e-005 0.003830 0.943132 1.002717
0.025230 1.682800e-010 3.930000e-005 0.074770 0.946202 1.003591
0.054390 1.686300e-010 3.940000e-005 0.145610 0.949035 1.004394
0.083560 1.689600e-010 3.960000e-005 0.216440 0.951722 1.005190
0.112820 1.692500e-010 3.980000e-005 0.287180 0.954089 1.005922
0.142120 1.695300e-010 3.990000e-005 0.357880 0.956369 1.006625
0.171480 1.697900e-010 4.000000e-005 0.428520 0.958489 1.007286
0.200850 1.700200e-010 4.010000e-005 0.499150 0.960369 1.007941
0.230290 1.702400e-010 4.030000e-005 0.569710 0.962179 1.008545
0.259740 1.704500e-010 4.040000e-005 0.640260 0.963899 1.009142
0.289210 1.706500e-010 4.040000e-005 0.710790 0.965531 1.009725
0.318700 1.708200e-010 4.050000e-005 0.781300 0.966928 1.010294
0.348300 1.710000e-010 4.060000e-005 0.851700 0.968409 1.010785
0.377900 1.711500e-010 4.060000e-005 0.922100 0.969636 1.011276
0.407500 1.713000e-010 4.080000e-005 0.992500 0.970883 1.011767
0.437100 1.714400e-010 4.080000e-005 1.062900 0.972030 1.012258
0.466800 1.715700e-010 4.090000e-005 1.133200 0.973105 1.012678
0.496500 1.716900e-010 4.090000e-005 1.203500 0.974090 1.013098
0.526200 1.718100e-010 4.090000e-005 1.273800 0.975075 1.013517
0.555900 1.719300e-010 4.100000e-005 1.344100 0.976070 1.013937
0.586000 1.720400e-010 4.100000e-005 1.414000 0.976974 1.014073
0.615700 1.721400e-010 4.110000e-005 1.484300 0.977806 1.014493
0.645400 1.722300e-010 4.110000e-005 1.554600 0.978546 1.014913
0.675200 1.723100e-010 4.110000e-005 1.624800 0.979205 1.015262
0.705100 1.724000e-010 4.110000e-005 1.694900 0.979946 1.015540
0.734800 1.724800e-010 4.120000e-005 1.765200 0.980614 1.015960
0.764700 1.725600e-010 4.130000e-005 1.835300 0.981284 1.016238
0.794400 1.726300e-010 4.130000e-005 1.905600 0.981861 1.016658
0.824300 1.727000e-010 4.130000e-005 1.975700 0.982438 1.016937
0.854200 1.727700e-010 4.140000e-005 2.045800 0.983025 1.017215
0.884000 1.728300e-010 4.140000e-005 2.116000 0.983521 1.017564
